9.956057945213271296e-03
1.516827442688328809e-03
5.480895662650498009e-04
2.223299541496643727e-03
8.942565365646667000e-03
8.629145650467599446e-03
7.758957170394709547e-04
7.539242470889815674e-03
1.287073797131532780e-03
9.695064605287859530e-03
5.421076545118624218e-03
3.190868452872430878e-04
1.629155300791178609e-03
6.552244223068678583e-03
9.727268164857361826e-05
8.295306532098091837e-03
2.346259975092353928e-03
9.383880814381238486e-03
1.163188920553128846e-03
1.551469674865635416e-04
8.416160337545065470e-03
1.318651633048216823e-03
6.597334075491746372e-03
3.449792091510838106e-03
5.913922053344321424e-03
2.594643326181620552e-02
2.034313534475647861e-02
2.811376927725698499e-02
2.896712333325185407e-02
2.571245553280768203e-02
2.370984139557970327e-02
2.302838156946564185e-02
2.111051396038528608e-02
2.381980993248059703e-02
2.536314906664157570e-02
2.855722596999172441e-02
2.105453284128688124e-02
2.699282494981741082e-02
2.555534401271983974e-02
2.999901883672300568e-02
2.740617713959184534e-02
2.367937850850246675e-02
2.602309258478075274e-02
2.711763284204843014e-02
2.888624097309844957e-02
2.326491901989038644e-02
2.049866989588637958e-02
2.934476783295569824e-02
2.978741307443290645e-02
2.815930573192167163e-02
5.690390603229610045e-02
5.450012165483155563e-02
5.321586413171208035e-02
6.174504106888697302e-02
5.774811059128360374e-02
5.957808628921282268e-02
5.543257252653588374e-02
6.131703709425322113e-02
6.388336453828637185e-02
6.634326990268890611e-02
5.523756827031459093e-02
6.027655101896878947e-02
6.902734673648006081e-02
6.036027558148131245e-02
5.672688531631453479e-02
5.536954935279624762e-02
6.997277573343922696e-02
5.031416360116264253e-02
5.520513738685667304e-02
5.461995598842954436e-02
6.248431686527593232e-02
5.515561847082750546e-02
5.410172380119349089e-02
6.922215477434497111e-02
6.916878004181374606e-02
9.618438239338683582e-02
9.501190981414450731e-02
9.954386956630575933e-02
9.491344773140794611e-02
9.061835401514127530e-02
9.996586651906221033e-02
9.260813381732101168e-02
9.153541595845574030e-02
9.756114742319525746e-02
9.143006541017306699e-02
9.715793205689914058e-02
9.042668594894556766e-02
9.597791584922321650e-02
9.659549222859893647e-02
9.844222902549347454e-02
9.635500636601157520e-02
9.308656462139974774e-02
9.495812739847671324e-02
9.689111519431525821e-02
9.946783966192812576e-02
9.170694978397446462e-02
9.868437493959927864e-02
9.447421517507917366e-02
9.590662886834172562e-02
9.174474566203982828e-02
1.592065144813810049e-02
1.936376301226827926e-02
1.670963933424417236e-02
5.166284684868203102e-03
9.365472730572751286e-03
2.366242825381561447e-03
5.026458081315501349e-03
5.506759824973914662e-03
1.382076855121346266e-02
4.097454413982042597e-03
8.523061071831818450e-03
1.060565579024545790e-02
1.221413575662398492e-02
7.651755596955703287e-03
1.149335892814245391e-02
8.961915783423715642e-03
6.607598639953349111e-03
1.815088675956167200e-02
1.170543900412527281e-02
3.197600881328665958e-03
9.486156812232761013e-03
3.985496532774355713e-03
7.691490197877442342e-03
2.005168391493341532e-03
1.790884488056410442e-02
4.884472574503525427e-02
4.574784548964525022e-02
4.400319727604168341e-02
4.650019116135946373e-02
4.571749418283987260e-02
4.544446818416065376e-02
4.156123089254725594e-02
4.097818293430146447e-02
4.713799107280793738e-02
4.399981104150347405e-02
4.712981710227284737e-02
4.587333492781015681e-02
4.835775006067265930e-02
4.386152038954253124e-02
4.258539605474778722e-02
4.164603163483534404e-02
4.084617342248136190e-02
4.754119970012717078e-02
4.914470576785671257e-02
4.077190927478118593e-02
4.710918286155855311e-02
4.434179770655541364e-02
4.089184652492772187e-02
4.725393427073137920e-02
4.868731632866431236e-02
8.663537092823697661e-02
1.158453442862752286e-01
8.652631402929938931e-02
1.006039156264367934e-01
9.380854987191461491e-02
9.925501943819003969e-02
1.182658854091904882e-01
8.987062703664733254e-02
8.183102571848184514e-02
9.140063386889850372e-02
8.781668362519823301e-02
8.055886441520629382e-02
9.964946766679344536e-02
8.288573125149908960e-02
8.303309370609075757e-02
8.921375993628800904e-02
9.354169631116525385e-02
8.163517332750459821e-02
9.163484378657378582e-02
9.079175419076429554e-02
1.140251302263698280e-01
8.011107416242252421e-02
1.064615544212105247e-01
8.722818589795001964e-02
8.921182375665465125e-02
1.679103709038942682e-01
1.604186557762219689e-01
1.576123363392103738e-01
1.569434670635414253e-01
1.609283950430664412e-01
1.561970380937328373e-01
1.693253856750021047e-01
1.687036322018482248e-01
1.671029428688279306e-01
1.643434375909010314e-01
1.513830433610600379e-01
1.712158874542290821e-01
1.518956958082198216e-01
1.655603323140329430e-01
1.630155534210790125e-01
1.547986945392744174e-01
1.719866388040103833e-01
1.653330994152993338e-01
1.691431206695978573e-01
1.625501672628278105e-01
1.694817040642308259e-01
1.624379214420334228e-01
1.602515192091012453e-01
1.545157397953841050e-01
1.531423068521405584e-01
6.000000000000000000e+00
5.000000000000000000e+00
6.000000000000000000e+00
4.000000000000000000e+00
4.000000000000000000e+00
7.000000000000000000e+00
5.000000000000000000e+00
5.000000000000000000e+00
7.000000000000000000e+00
4.000000000000000000e+00
4.000000000000000000e+00
6.000000000000000000e+00
7.000000000000000000e+00
4.000000000000000000e+00
4.000000000000000000e+00
5.000000000000000000e+00
6.000000000000000000e+00
6.000000000000000000e+00
7.000000000000000000e+00
6.000000000000000000e+00
4.000000000000000000e+00
7.000000000000000000e+00
6.000000000000000000e+00
6.000000000000000000e+00
5.000000000000000000e+00
1.800000000000000000e+01
1.700000000000000000e+01
1.300000000000000000e+01
1.800000000000000000e+01
1.200000000000000000e+01
1.800000000000000000e+01
1.500000000000000000e+01
1.200000000000000000e+01
1.600000000000000000e+01
1.600000000000000000e+01
1.800000000000000000e+01
1.700000000000000000e+01
1.500000000000000000e+01
1.800000000000000000e+01
1.300000000000000000e+01
1.700000000000000000e+01
1.400000000000000000e+01
1.300000000000000000e+01
1.400000000000000000e+01
1.600000000000000000e+01
1.700000000000000000e+01
1.300000000000000000e+01
1.600000000000000000e+01
1.600000000000000000e+01
1.500000000000000000e+01
2.200000000000000000e+01
2.400000000000000000e+01
2.300000000000000000e+01
2.500000000000000000e+01
2.500000000000000000e+01
2.500000000000000000e+01
2.500000000000000000e+01
2.300000000000000000e+01
2.200000000000000000e+01
2.200000000000000000e+01
2.500000000000000000e+01
2.500000000000000000e+01
2.400000000000000000e+01
2.400000000000000000e+01
2.500000000000000000e+01
2.500000000000000000e+01
2.300000000000000000e+01
2.500000000000000000e+01
2.500000000000000000e+01
2.500000000000000000e+01
2.400000000000000000e+01
2.300000000000000000e+01
2.500000000000000000e+01
2.400000000000000000e+01
2.400000000000000000e+01
2.800000000000000000e+01
3.000000000000000000e+01
2.900000000000000000e+01
2.900000000000000000e+01
3.000000000000000000e+01
3.000000000000000000e+01
2.700000000000000000e+01
2.900000000000000000e+01
2.900000000000000000e+01
2.700000000000000000e+01
2.700000000000000000e+01
2.800000000000000000e+01
2.900000000000000000e+01
2.700000000000000000e+01
2.700000000000000000e+01
2.800000000000000000e+01
3.000000000000000000e+01
3.000000000000000000e+01
2.800000000000000000e+01
2.700000000000000000e+01
2.800000000000000000e+01
3.000000000000000000e+01
3.000000000000000000e+01
3.000000000000000000e+01
3.000000000000000000e+01
