6.214608098422191418e+00 7.820439515262180841e+00 4.852030263919616893e+00 0.000000000000000000e+00 0.000000000000000000e+00 0.000000000000000000e+00 0.000000000000000000e+00
6.214608098422191418e+00 6.040254711277413868e+00 0.000000000000000000e+00 0.000000000000000000e+00 0.000000000000000000e+00 0.000000000000000000e+00 0.000000000000000000e+00
6.214608098422191418e+00 4.969813299576000709e+00 0.000000000000000000e+00 0.000000000000000000e+00 0.000000000000000000e+00 0.000000000000000000e+00 0.000000000000000000e+00
6.214608098422191418e+00 6.248042874508429101e+00 0.000000000000000000e+00 0.000000000000000000e+00 0.000000000000000000e+00 0.000000000000000000e+00 0.000000000000000000e+00
6.214608098422191418e+00 7.716015266642586745e+00 4.382026634673881205e+00 0.000000000000000000e+00 0.000000000000000000e+00 0.000000000000000000e+00 0.000000000000000000e+00
6.214608098422191418e+00 7.658227526161351939e+00 4.369447852467021498e+00 0.000000000000000000e+00 0.000000000000000000e+00 0.000000000000000000e+00 0.000000000000000000e+00
6.214608098422191418e+00 5.318119993844216076e+00 0.000000000000000000e+00 0.000000000000000000e+00 0.000000000000000000e+00 0.000000000000000000e+00 0.000000000000000000e+00
6.214608098422191418e+00 7.515344571180436084e+00 3.871201010907891149e+00 0.000000000000000000e+00 0.000000000000000000e+00 0.000000000000000000e+00 0.000000000000000000e+00
6.214608098422191418e+00 5.786897381366707727e+00 0.000000000000000000e+00 0.000000000000000000e+00 0.000000000000000000e+00 0.000000000000000000e+00 0.000000000000000000e+00
6.214608098422191418e+00 7.810352683724289591e+00 4.787491742782045812e+00 0.000000000000000000e+00 0.000000000000000000e+00 0.000000000000000000e+00 0.000000000000000000e+00
6.214608098422191418e+00 7.230563153409292454e+00 3.135494215929149675e+00 0.000000000000000000e+00 0.000000000000000000e+00 0.000000000000000000e+00 0.000000000000000000e+00
6.214608098422191418e+00 4.330733340286331057e+00 0.000000000000000000e+00 0.000000000000000000e+00 0.000000000000000000e+00 0.000000000000000000e+00 0.000000000000000000e+00
6.214608098422191418e+00 6.079933195095589937e+00 0.000000000000000000e+00 0.000000000000000000e+00 0.000000000000000000e+00 0.000000000000000000e+00 0.000000000000000000e+00
6.214608098422191418e+00 7.341483852363160700e+00 3.218875824868200564e+00 0.000000000000000000e+00 0.000000000000000000e+00 0.000000000000000000e+00 0.000000000000000000e+00
6.214608098422191418e+00 3.332204510175203804e+00 0.000000000000000000e+00 0.000000000000000000e+00 0.000000000000000000e+00 0.000000000000000000e+00 0.000000000000000000e+00
6.214608098422191418e+00 7.652545692693920820e+00 4.605170185988091802e+00 0.000000000000000000e+00 0.000000000000000000e+00 0.000000000000000000e+00 0.000000000000000000e+00
6.214608098422191418e+00 6.352629396319566801e+00 0.000000000000000000e+00 0.000000000000000000e+00 0.000000000000000000e+00 0.000000000000000000e+00 0.000000000000000000e+00
6.214608098422191418e+00 7.781555959235340048e+00 4.663439094112066918e+00 0.000000000000000000e+00 0.000000000000000000e+00 0.000000000000000000e+00 0.000000000000000000e+00
6.214608098422191418e+00 5.739792912179233930e+00 0.000000000000000000e+00 0.000000000000000000e+00 0.000000000000000000e+00 0.000000000000000000e+00 0.000000000000000000e+00
6.214608098422191418e+00 3.850147601710058431e+00 0.000000000000000000e+00 0.000000000000000000e+00 0.000000000000000000e+00 0.000000000000000000e+00 0.000000000000000000e+00
6.214608098422191418e+00 7.631916513071251629e+00 4.189654742026425183e+00 0.000000000000000000e+00 0.000000000000000000e+00 0.000000000000000000e+00 0.000000000000000000e+00
6.214608098422191418e+00 5.717027701406221851e+00 0.000000000000000000e+00 0.000000000000000000e+00 0.000000000000000000e+00 0.000000000000000000e+00 0.000000000000000000e+00
6.214608098422191418e+00 7.437206366871292218e+00 3.465735902799726542e+00 0.000000000000000000e+00 0.000000000000000000e+00 0.000000000000000000e+00 0.000000000000000000e+00
6.214608098422191418e+00 6.787844982309579223e+00 0.000000000000000000e+00 0.000000000000000000e+00 0.000000000000000000e+00 0.000000000000000000e+00 0.000000000000000000e+00
6.214608098422191418e+00 7.303170051236800298e+00 3.178053830347945752e+00 0.000000000000000000e+00 0.000000000000000000e+00 0.000000000000000000e+00 0.000000000000000000e+00
6.214608098422191418e+00 8.769973211858753004e+00 7.692113339595466392e+00 3.044522437723423014e+00 0.000000000000000000e+00 0.000000000000000000e+00 0.000000000000000000e+00
6.214608098422191418e+00 8.513988060467289287e+00 6.886531642530510311e+00 1.098612288668109782e+00 0.000000000000000000e+00 0.000000000000000000e+00 0.000000000000000000e+00
6.214608098422191418e+00 8.849370503754569128e+00 7.944492163932158846e+00 3.784189633918261020e+00 0.000000000000000000e+00 0.000000000000000000e+00 0.000000000000000000e+00
6.214608098422191418e+00 8.887790764195326432e+00 8.032035314398823900e+00 3.401197381662155461e+00 0.000000000000000000e+00 0.000000000000000000e+00 0.000000000000000000e+00
6.214608098422191418e+00 8.759825595314294944e+00 7.615791072035833054e+00 2.772588722239781145e+00 0.000000000000000000e+00 0.000000000000000000e+00 0.000000000000000000e+00
6.214608098422191418e+00 8.699014623168510596e+00 7.499423290592228675e+00 2.708050201102210064e+00 0.000000000000000000e+00 0.000000000000000000e+00 0.000000000000000000e+00
6.214608098422191418e+00 8.669570871837120052e+00 7.401231264413015154e+00 2.079441541679835748e+00 0.000000000000000000e+00 0.000000000000000000e+00 0.000000000000000000e+00
6.214608098422191418e+00 8.583168180339770359e+00 7.080867896690781649e+00 2.079441541679835748e+00 0.000000000000000000e+00 0.000000000000000000e+00 0.000000000000000000e+00
6.214608098422191418e+00 8.699348067653092542e+00 7.469083884921234429e+00 2.564949357461536739e+00 0.000000000000000000e+00 0.000000000000000000e+00 0.000000000000000000e+00
6.214608098422191418e+00 8.744806737401898289e+00 7.619233416226805389e+00 2.772588722239781145e+00 0.000000000000000000e+00 0.000000000000000000e+00 0.000000000000000000e+00
6.214608098422191418e+00 8.859221393608130768e+00 7.934871565945177174e+00 3.465735902799726542e+00 0.000000000000000000e+00 0.000000000000000000e+00 0.000000000000000000e+00
6.214608098422191418e+00 8.553910774351400903e+00 6.967909201801884223e+00 2.197224577336219564e+00 0.000000000000000000e+00 0.000000000000000000e+00 0.000000000000000000e+00
6.214608098422191418e+00 8.809713540508267826e+00 7.817222785508166183e+00 3.218875824868200564e+00 0.000000000000000000e+00 0.000000000000000000e+00 0.000000000000000000e+00
6.214608098422191418e+00 8.743372131273968506e+00 7.568895663406995489e+00 2.397895272798370669e+00 0.000000000000000000e+00 0.000000000000000000e+00 0.000000000000000000e+00
6.214608098422191418e+00 8.928507824313292929e+00 8.159660737063376246e+00 3.784189633918261020e+00 0.000000000000000000e+00 0.000000000000000000e+00 0.000000000000000000e+00
6.214608098422191418e+00 8.844624683385301722e+00 7.875879159496309789e+00 2.772588722239781145e+00 0.000000000000000000e+00 0.000000000000000000e+00 0.000000000000000000e+00
6.214608098422191418e+00 8.674880467251831817e+00 7.367708572374371379e+00 1.945910149055313232e+00 0.000000000000000000e+00 0.000000000000000000e+00 0.000000000000000000e+00
6.214608098422191418e+00 8.793763759113300438e+00 7.715123603632105365e+00 3.044522437723423014e+00 0.000000000000000000e+00 0.000000000000000000e+00 0.000000000000000000e+00
6.214608098422191418e+00 8.840001065843392070e+00 7.918264686095273674e+00 3.401197381662155461e+00 0.000000000000000000e+00 0.000000000000000000e+00 0.000000000000000000e+00
6.214608098422191418e+00 8.902319528528870762e+00 8.075582636671720493e+00 3.688879454113936252e+00 0.000000000000000000e+00 0.000000000000000000e+00 0.000000000000000000e+00
6.214608098422191418e+00 8.683215975240688778e+00 7.387090235656756931e+00 1.386294361119890572e+00 0.000000000000000000e+00 0.000000000000000000e+00 0.000000000000000000e+00
6.214608098422191418e+00 8.550047528287183951e+00 6.973543019520140440e+00 1.609437912434100282e+00 0.000000000000000000e+00 0.000000000000000000e+00 0.000000000000000000e+00
6.214608098422191418e+00 8.894395989806429981e+00 8.044305406990638119e+00 3.688879454113936252e+00 0.000000000000000000e+00 0.000000000000000000e+00 0.000000000000000000e+00
6.214608098422191418e+00 8.903815211722921674e+00 8.063692634269516546e+00 3.828641396489095072e+00 0.000000000000000000e+00 0.000000000000000000e+00 0.000000000000000000e+00
6.214608098422191418e+00 8.845201135339584297e+00 7.904703913873746934e+00 3.433987204485146272e+00 0.000000000000000000e+00 0.000000000000000000e+00 0.000000000000000000e+00
6.214608098422191418e+00 9.558317600211719167e+00 1.002588216074973460e+01 7.608374474380783070e+00 2.079441541679835748e+00 0.000000000000000000e+00 0.000000000000000000e+00
6.214608098422191418e+00 9.512073267650622554e+00 9.895404976342772940e+00 7.349873704738336677e+00 2.079441541679835748e+00 0.000000000000000000e+00 0.000000000000000000e+00
6.214608098422191418e+00 9.498747181742420054e+00 9.857443614034721691e+00 7.339537695407674533e+00 2.197224577336219564e+00 0.000000000000000000e+00 0.000000000000000000e+00
6.214608098422191418e+00 9.631875660261840721e+00 1.024838845366951112e+01 8.058643712215618038e+00 3.135494215929149675e+00 0.000000000000000000e+00 0.000000000000000000e+00
6.214608098422191418e+00 9.594173179957232733e+00 1.013420236934665652e+01 7.832410927187919647e+00 2.397895272798370669e+00 0.000000000000000000e+00 0.000000000000000000e+00
6.214608098422191418e+00 9.604002767965194920e+00 1.017374367116453016e+01 7.968665700466234902e+00 3.433987204485146272e+00 6.931471805599452862e-01 0.000000000000000000e+00
6.214608098422191418e+00 9.538492376981677623e+00 9.977202590358409395e+00 7.593374193121290361e+00 1.945910149055313232e+00 0.000000000000000000e+00 0.000000000000000000e+00
6.214608098422191418e+00 9.644198554585564409e+00 1.030209587318107900e+01 8.194781638443359384e+00 2.944438979166440262e+00 0.000000000000000000e+00 0.000000000000000000e+00
6.214608098422191418e+00 9.690046776683303165e+00 1.043010778220075885e+01 8.419580362549236696e+00 3.433987204485146272e+00 0.000000000000000000e+00 0.000000000000000000e+00
6.214608098422191418e+00 9.704426671737875765e+00 1.047152492205322893e+01 8.501470230951001739e+00 3.737669618283368411e+00 0.000000000000000000e+00 0.000000000000000000e+00
6.214608098422191418e+00 9.531191227694439050e+00 9.956222307519993819e+00 7.496652438168283084e+00 2.639057329615258407e+00 0.000000000000000000e+00 0.000000000000000000e+00
6.214608098422191418e+00 9.624170396415975048e+00 1.021636211261993132e+01 7.977968093128549043e+00 2.197224577336219564e+00 0.000000000000000000e+00 0.000000000000000000e+00
6.214608098422191418e+00 9.762442287054012624e+00 1.063486938332598797e+01 8.811354229965727924e+00 4.127134385045091669e+00 0.000000000000000000e+00 0.000000000000000000e+00
6.214608098422191418e+00 9.619996684702815770e+00 1.021902795311630463e+01 8.009363076630044986e+00 3.044522437723423014e+00 0.000000000000000000e+00 0.000000000000000000e+00
6.214608098422191418e+00 9.560785953663573977e+00 1.004737142286470508e+01 7.676473646389156080e+00 1.791759469228054957e+00 0.000000000000000000e+00 0.000000000000000000e+00
6.214608098422191418e+00 9.530683226667511221e+00 9.943669342168959702e+00 7.463936604468925040e+00 2.397895272798370669e+00 0.000000000000000000e+00 0.000000000000000000e+00
6.214608098422191418e+00 9.766865674993164603e+00 1.065083878710958487e+01 8.826000545482965975e+00 4.394449154672439128e+00 0.000000000000000000e+00 0.000000000000000000e+00
6.214608098422191418e+00 9.442007494231269504e+00 9.692149046671680424e+00 7.021083964289140056e+00 6.931471805599452862e-01 0.000000000000000000e+00 0.000000000000000000e+00
6.214608098422191418e+00 9.522519916028350906e+00 9.925640357177261563e+00 7.396335293800808230e+00 1.609437912434100282e+00 0.000000000000000000e+00 0.000000000000000000e+00
6.214608098422191418e+00 9.522153924002891401e+00 9.921278353544677131e+00 7.421775793644647123e+00 1.791759469228054957e+00 0.000000000000000000e+00 0.000000000000000000e+00
6.214608098422191418e+00 9.658098392274599320e+00 1.033139884947412312e+01 8.234299635696253006e+00 3.637586159726385659e+00 0.000000000000000000e+00 0.000000000000000000e+00
6.214608098422191418e+00 9.543664802306665251e+00 9.991361057786367184e+00 7.557472901614746164e+00 2.302585092994045901e+00 0.000000000000000000e+00 0.000000000000000000e+00
6.214608098422191418e+00 9.526537012326164344e+00 9.932706491205347987e+00 7.395721608602045194e+00 1.386294361119890572e+00 0.000000000000000000e+00 0.000000000000000000e+00
6.214608098422191418e+00 9.753768704286185809e+00 1.062352006187745523e+01 8.823353485113791805e+00 4.219507705176106960e+00 0.000000000000000000e+00 0.000000000000000000e+00
6.214608098422191418e+00 9.751093661983862404e+00 1.060408193373112340e+01 8.774622220696997488e+00 4.248495242049359355e+00 0.000000000000000000e+00 0.000000000000000000e+00
6.214608098422191418e+00 1.008938603782042520e+01 1.162417162618558031e+01 1.081979828421028600e+01 7.711101251840157822e+00 3.091042453358316067e+00 0.000000000000000000e+00
6.214608098422191418e+00 1.006437264805376586e+01 1.155452795482474215e+01 1.068704657195632457e+01 7.415776975415393935e+00 1.098612288668109782e+00 0.000000000000000000e+00
6.214608098422191418e+00 1.011682316285925154e+01 1.170323999269310811e+01 1.097555050597070192e+01 7.937017489515453939e+00 2.833213344056216165e+00 0.000000000000000000e+00
6.214608098422191418e+00 1.008188475243792581e+01 1.160537701733514027e+01 1.078547665271326217e+01 7.572502985020384436e+00 2.079441541679835748e+00 0.000000000000000000e+00
6.214608098422191418e+00 1.001018717119518442e+01 1.138596671087100454e+01 1.033221335421884390e+01 6.792344427470808910e+00 6.931471805599452862e-01 0.000000000000000000e+00
6.214608098422191418e+00 1.012711098868718906e+01 1.173054981346657044e+01 1.101782554166572048e+01 8.009695357742922184e+00 3.044522437723423014e+00 0.000000000000000000e+00
6.214608098422191418e+00 1.004237955140274607e+01 1.147998896472396346e+01 1.051872724421954786e+01 7.156956364615636446e+00 1.609437912434100282e+00 0.000000000000000000e+00
6.214608098422191418e+00 1.003262806935921780e+01 1.145548701192296015e+01 1.048877108722012785e+01 7.122059881629142275e+00 1.791759469228054957e+00 0.000000000000000000e+00
6.214608098422191418e+00 1.011285667042849745e+01 1.169583018502476435e+01 1.095844397394589897e+01 7.903226808730733133e+00 2.639057329615258407e+00 0.000000000000000000e+00
6.214608098422191418e+00 1.002928284858043639e+01 1.144027950048534947e+01 1.043708198835481937e+01 6.975413927455951679e+00 0.000000000000000000e+00 0.000000000000000000e+00
6.214608098422191418e+00 1.010036926066141305e+01 1.165146927441828772e+01 1.086045946901728776e+01 7.739794458408701061e+00 1.945910149055313232e+00 0.000000000000000000e+00
6.214608098422191418e+00 1.002415531226110090e+01 1.142697534283222538e+01 1.042750577008810176e+01 6.988413181999591828e+00 0.000000000000000000e+00 0.000000000000000000e+00
6.214608098422191418e+00 1.008301353869461536e+01 1.160783556475321276e+01 1.078917473661210558e+01 7.600402334500399704e+00 2.564949357461536739e+00 0.000000000000000000e+00
6.214608098422191418e+00 1.009029901460293388e+01 1.162116084424475204e+01 1.080253039100072954e+01 7.649692623711514372e+00 1.791759469228054957e+00 0.000000000000000000e+00
6.214608098422191418e+00 1.011536791157162796e+01 1.170490853203481407e+01 1.098710463969674578e+01 7.939871576361882788e+00 2.484906649788000355e+00 0.000000000000000000e+00
6.214608098422191418e+00 1.008880461830988118e+01 1.162257775776312663e+01 1.081891791439812778e+01 7.662937850461535305e+00 1.791759469228054957e+00 0.000000000000000000e+00
6.214608098422191418e+00 1.005315677705483246e+01 1.151353527899585494e+01 1.058711455971191384e+01 7.279318835414620104e+00 2.302585092994045901e+00 0.000000000000000000e+00
6.214608098422191418e+00 1.006564891811554396e+01 1.155546757923589674e+01 1.067717731581126017e+01 7.426549072397304663e+00 1.098612288668109782e+00 0.000000000000000000e+00
6.214608098422191418e+00 1.009476885070155383e+01 1.164292688456448310e+01 1.085433428855188964e+01 7.774015077250727046e+00 2.708050201102210064e+00 0.000000000000000000e+00
6.214608098422191418e+00 1.012378706339860202e+01 1.172830293821338188e+01 1.103054151483554080e+01 8.058960017769416950e+00 2.197224577336219564e+00 0.000000000000000000e+00
6.214608098422191418e+00 1.003683767873288524e+01 1.146497394903703615e+01 1.049703536787331792e+01 7.069874128458572216e+00 0.000000000000000000e+00 0.000000000000000000e+00
6.214608098422191418e+00 1.010891509804455701e+01 1.168323348062237166e+01 1.094178350519618270e+01 7.861727077823980281e+00 2.197224577336219564e+00 0.000000000000000000e+00
6.214608098422191418e+00 1.006828139246186637e+01 1.156100108820179173e+01 1.069280817654473026e+01 7.458186157340486844e+00 1.791759469228054957e+00 0.000000000000000000e+00
6.214608098422191418e+00 1.007962335024299705e+01 1.159757906458602505e+01 1.077666199333665453e+01 7.633369649679583979e+00 1.945910149055313232e+00 0.000000000000000000e+00
6.214608098422191418e+00 1.004116035766119985e+01 1.147636520965842521e+01 1.051713146323312920e+01 7.095064377287131130e+00 1.098612288668109782e+00 0.000000000000000000e+00
6.214608098422191418e+00 4.727387818712340817e+00 2.197224577336219564e+00 0.000000000000000000e+00 0.000000000000000000e+00 0.000000000000000000e+00 0.000000000000000000e+00
6.214608098422191418e+00 4.997212273764114698e+00 2.995732273553990854e+00 1.098612288668109782e+00 0.000000000000000000e+00 0.000000000000000000e+00 0.000000000000000000e+00
6.214608098422191418e+00 4.682131227124219919e+00 2.302585092994045901e+00 0.000000000000000000e+00 0.000000000000000000e+00 0.000000000000000000e+00 0.000000000000000000e+00
6.214608098422191418e+00 2.708050201102210064e+00 0.000000000000000000e+00 0.000000000000000000e+00 0.000000000000000000e+00 0.000000000000000000e+00 0.000000000000000000e+00
6.214608098422191418e+00 3.401197381662155461e+00 0.000000000000000000e+00 0.000000000000000000e+00 0.000000000000000000e+00 0.000000000000000000e+00 0.000000000000000000e+00
6.214608098422191418e+00 1.098612288668109782e+00 0.000000000000000000e+00 0.000000000000000000e+00 0.000000000000000000e+00 0.000000000000000000e+00 0.000000000000000000e+00
6.214608098422191418e+00 1.791759469228054957e+00 0.000000000000000000e+00 0.000000000000000000e+00 0.000000000000000000e+00 0.000000000000000000e+00 0.000000000000000000e+00
6.214608098422191418e+00 2.484906649788000355e+00 0.000000000000000000e+00 0.000000000000000000e+00 0.000000000000000000e+00 0.000000000000000000e+00 0.000000000000000000e+00
6.214608098422191418e+00 4.477336814478206861e+00 1.609437912434100282e+00 0.000000000000000000e+00 0.000000000000000000e+00 0.000000000000000000e+00 0.000000000000000000e+00
6.214608098422191418e+00 1.945910149055313232e+00 0.000000000000000000e+00 0.000000000000000000e+00 0.000000000000000000e+00 0.000000000000000000e+00 0.000000000000000000e+00
6.214608098422191418e+00 3.258096538021482136e+00 0.000000000000000000e+00 0.000000000000000000e+00 0.000000000000000000e+00 0.000000000000000000e+00 0.000000000000000000e+00
6.214608098422191418e+00 3.713572066704307950e+00 0.000000000000000000e+00 0.000000000000000000e+00 0.000000000000000000e+00 0.000000000000000000e+00 0.000000000000000000e+00
6.214608098422191418e+00 3.912023005428145961e+00 0.000000000000000000e+00 0.000000000000000000e+00 0.000000000000000000e+00 0.000000000000000000e+00 0.000000000000000000e+00
6.214608098422191418e+00 3.433987204485146272e+00 6.931471805599452862e-01 0.000000000000000000e+00 0.000000000000000000e+00 0.000000000000000000e+00 0.000000000000000000e+00
6.214608098422191418e+00 3.663561646129646299e+00 0.000000000000000000e+00 0.000000000000000000e+00 0.000000000000000000e+00 0.000000000000000000e+00 0.000000000000000000e+00
6.214608098422191418e+00 3.828641396489095072e+00 0.000000000000000000e+00 0.000000000000000000e+00 0.000000000000000000e+00 0.000000000000000000e+00 0.000000000000000000e+00
6.214608098422191418e+00 2.708050201102210064e+00 0.000000000000000000e+00 0.000000000000000000e+00 0.000000000000000000e+00 0.000000000000000000e+00 0.000000000000000000e+00
6.214608098422191418e+00 4.828313737302301512e+00 2.484906649788000355e+00 0.000000000000000000e+00 0.000000000000000000e+00 0.000000000000000000e+00 0.000000000000000000e+00
6.214608098422191418e+00 3.951243718581427533e+00 6.931471805599452862e-01 0.000000000000000000e+00 0.000000000000000000e+00 0.000000000000000000e+00 0.000000000000000000e+00
6.214608098422191418e+00 2.079441541679835748e+00 0.000000000000000000e+00 0.000000000000000000e+00 0.000000000000000000e+00 0.000000000000000000e+00 0.000000000000000000e+00
6.214608098422191418e+00 3.761200115693562385e+00 0.000000000000000000e+00 0.000000000000000000e+00 0.000000000000000000e+00 0.000000000000000000e+00 0.000000000000000000e+00
6.214608098422191418e+00 1.386294361119890572e+00 0.000000000000000000e+00 0.000000000000000000e+00 0.000000000000000000e+00 0.000000000000000000e+00 0.000000000000000000e+00
6.214608098422191418e+00 3.332204510175203804e+00 0.000000000000000000e+00 0.000000000000000000e+00 0.000000000000000000e+00 0.000000000000000000e+00 0.000000000000000000e+00
6.214608098422191418e+00 1.098612288668109782e+00 0.000000000000000000e+00 0.000000000000000000e+00 0.000000000000000000e+00 0.000000000000000000e+00 0.000000000000000000e+00
6.214608098422191418e+00 4.890349128221753716e+00 2.564949357461536739e+00 0.000000000000000000e+00 0.000000000000000000e+00 0.000000000000000000e+00 0.000000000000000000e+00
6.214608098422191418e+00 6.762729506931878909e+00 6.133398042996648591e+00 4.672828834461905778e+00 2.397895272798370669e+00 0.000000000000000000e+00 0.000000000000000000e+00
6.214608098422191418e+00 6.716594773520977668e+00 6.152732694704104333e+00 4.844187086458591196e+00 2.890371757896164517e+00 0.000000000000000000e+00 0.000000000000000000e+00
6.214608098422191418e+00 6.558197802812268939e+00 5.707110264748875395e+00 4.025351690735149646e+00 1.098612288668109782e+00 0.000000000000000000e+00 0.000000000000000000e+00
6.214608098422191418e+00 6.692083742506627964e+00 6.025865973825314192e+00 4.499809670330265021e+00 1.609437912434100282e+00 0.000000000000000000e+00 0.000000000000000000e+00
6.214608098422191418e+00 6.634633357861686065e+00 5.749392985908253095e+00 3.761200115693562385e+00 6.931471805599452862e-01 0.000000000000000000e+00 0.000000000000000000e+00
6.214608098422191418e+00 6.651571873589727346e+00 5.840641657373398132e+00 4.143134726391532574e+00 1.098612288668109782e+00 0.000000000000000000e+00 0.000000000000000000e+00
6.214608098422191418e+00 6.442540166468198493e+00 5.398162701517752460e+00 3.218875824868200564e+00 0.000000000000000000e+00 0.000000000000000000e+00 0.000000000000000000e+00
6.214608098422191418e+00 6.501289670540389309e+00 5.723585101952380683e+00 3.970291913552121965e+00 1.386294361119890572e+00 0.000000000000000000e+00 0.000000000000000000e+00
6.214608098422191418e+00 6.742880635791903110e+00 6.077642243349034246e+00 4.532599493153256276e+00 1.945910149055313232e+00 0.000000000000000000e+00 0.000000000000000000e+00
6.214608098422191418e+00 6.610696044717759179e+00 5.940171252720431561e+00 4.605170185988091802e+00 2.564949357461536739e+00 0.000000000000000000e+00 0.000000000000000000e+00
6.214608098422191418e+00 6.755768921984254938e+00 6.104793232414984949e+00 4.624972813284270678e+00 2.197224577336219564e+00 0.000000000000000000e+00 0.000000000000000000e+00
6.214608098422191418e+00 6.712956200677069774e+00 6.098074282166240145e+00 4.615120516841259679e+00 1.945910149055313232e+00 0.000000000000000000e+00 0.000000000000000000e+00
6.214608098422191418e+00 6.742880635791903110e+00 5.963579343618445883e+00 4.204692619390965724e+00 1.609437912434100282e+00 0.000000000000000000e+00 0.000000000000000000e+00
6.214608098422191418e+00 6.584791392385715980e+00 5.817111159963204159e+00 4.158883083359671495e+00 6.931471805599452862e-01 0.000000000000000000e+00 0.000000000000000000e+00
6.214608098422191418e+00 6.505784060128228852e+00 5.545177444479562290e+00 3.496507561466480229e+00 0.000000000000000000e+00 0.000000000000000000e+00 0.000000000000000000e+00
6.214608098422191418e+00 6.495265555937008273e+00 5.605802066295997754e+00 3.761200115693562385e+00 6.931471805599452862e-01 0.000000000000000000e+00 0.000000000000000000e+00
6.214608098422191418e+00 6.459904454377534577e+00 5.594711379601839063e+00 3.871201010907891149e+00 1.609437912434100282e+00 0.000000000000000000e+00 0.000000000000000000e+00
6.214608098422191418e+00 6.754604099487962365e+00 6.131226489483140973e+00 4.634728988229635860e+00 2.197224577336219564e+00 0.000000000000000000e+00 0.000000000000000000e+00
6.214608098422191418e+00 6.814542897259958210e+00 6.232448016550522496e+00 4.882801922586370580e+00 2.833213344056216165e+00 0.000000000000000000e+00 0.000000000000000000e+00
6.214608098422191418e+00 6.432940092739179327e+00 5.564520407322693707e+00 4.094344562222100414e+00 1.791759469228054957e+00 0.000000000000000000e+00 0.000000000000000000e+00
6.214608098422191418e+00 6.746412128573374467e+00 6.120297418950950252e+00 4.718498871295094155e+00 2.708050201102210064e+00 0.000000000000000000e+00 0.000000000000000000e+00
6.214608098422191418e+00 6.584791392385715980e+00 5.768320995793771999e+00 4.127134385045091669e+00 2.079441541679835748e+00 0.000000000000000000e+00 0.000000000000000000e+00
6.214608098422191418e+00 6.439350371100098336e+00 5.480638923341991209e+00 3.610917912644224348e+00 1.791759469228054957e+00 0.000000000000000000e+00 0.000000000000000000e+00
6.214608098422191418e+00 6.700731109547810149e+00 6.023447592961033159e+00 4.727387818712340817e+00 3.367295829986474143e+00 1.386294361119890572e+00 0.000000000000000000e+00
6.214608098422191418e+00 6.815639990074330967e+00 6.238324625039507687e+00 4.727387818712340817e+00 1.945910149055313232e+00 0.000000000000000000e+00 0.000000000000000000e+00
6.214608098422191418e+00 7.854769183499132446e+00 8.290794347381355678e+00 7.798112628829787951e+00 6.423246963533519427e+00 4.189654742026425183e+00 1.386294361119890572e+00
6.214608098422191418e+00 8.455743229100015412e+00 9.559869847754043803e+00 9.818147505369113404e+00 9.346356175893625107e+00 8.202482446576537356e+00 6.388561405545630123e+00
6.214608098422191418e+00 7.923348211930154150e+00 8.489410810403786201e+00 8.221478947267192083e+00 7.204149292035939567e+00 5.384495062789088848e+00 2.564949357461536739e+00
6.214608098422191418e+00 8.153925132007861620e+00 8.912473274466035988e+00 8.773384596776647726e+00 7.808729306744399246e+00 6.018593214496234189e+00 3.218875824868200564e+00
6.214608098422191418e+00 8.068402958569699024e+00 8.792549614177382011e+00 8.670943791222155639e+00 7.804659297056102396e+00 6.253828811575472990e+00 4.127134385045091669e+00
6.214608098422191418e+00 8.187021067343504654e+00 9.024733424190698017e+00 9.069007195859539294e+00 8.496786381638575136e+00 7.394493107219037853e+00 5.717027701406221851e+00
6.214608098422191418e+00 8.484463366793319139e+00 9.634234615552713876e+00 9.991086257015195926e+00 9.705828982731935284e+00 8.835210463664092018e+00 7.363913501405819240e+00
6.214608098422191418e+00 7.977968093128549043e+00 8.575650760987805654e+00 8.330140460246381551e+00 7.369600720526409354e+00 5.686975356339820209e+00 3.044522437723423014e+00
6.214608098422191418e+00 7.813995675002790797e+00 8.261526448396468325e+00 7.869019376499022833e+00 6.699500340161677947e+00 4.644390899141372486e+00 1.386294361119890572e+00
6.214608098422191418e+00 7.983098940710892322e+00 8.563504094279487333e+00 8.238008249218403023e+00 7.100027166629259590e+00 5.220355825078324408e+00 2.708050201102210064e+00
6.214608098422191418e+00 7.959974528080536516e+00 8.567506005289827087e+00 8.326516830239528488e+00 7.347943823148686882e+00 5.666426688112432331e+00 3.218875824868200564e+00
6.214608098422191418e+00 7.786967002614871625e+00 8.268475388982597707e+00 8.001355025826702771e+00 7.137278437260385466e+00 5.666426688112432331e+00 3.401197381662155461e+00
6.214608098422191418e+00 8.197538739721183632e+00 9.047821442478408471e+00 9.067739403377160556e+00 8.353968130313271345e+00 6.932447891572508958e+00 4.969813299576000709e+00
6.214608098422191418e+00 7.838737559599281646e+00 8.349011198176002679e+00 8.040446881303109805e+00 6.984716320118265820e+00 5.147494476813452735e+00 2.197224577336219564e+00
6.214608098422191418e+00 7.839919360012582494e+00 8.286269452783065148e+00 7.850103545175581843e+00 6.617402977974477629e+00 4.624972813284270678e+00 1.609437912434100282e+00
6.214608098422191418e+00 7.956827122090111004e+00 8.556798446008597736e+00 8.296795865770052458e+00 7.254177846456517642e+00 5.347107530717468471e+00 2.197224577336219564e+00
6.214608098422191418e+00 8.074026216124060795e+00 8.792093929503284500e+00 8.643297068211962753e+00 7.691656822810546856e+00 5.924255797414532232e+00 3.218875824868200564e+00
6.214608098422191418e+00 7.802618063442671392e+00 8.251924713801356503e+00 7.856706793095840524e+00 6.687108607866514731e+00 4.691347882229143451e+00 1.386294361119890572e+00
6.214608098422191418e+00 8.010359588919783391e+00 8.662331957082475498e+00 8.493310250952905704e+00 7.650644551436896812e+00 6.234410725718371182e+00 4.290459441148390951e+00
6.214608098422191418e+00 7.984803389734405954e+00 8.632305998516741852e+00 8.473032295630467559e+00 7.607878073278507181e+00 5.958424693029781949e+00 3.091042453358316067e+00
6.214608098422191418e+00 8.435766192720508982e+00 9.511925349596955570e+00 9.718843300372528304e+00 9.142168591872849248e+00 7.791109510610027655e+00 5.564520407322693707e+00
6.214608098422191418e+00 7.749753406274437317e+00 8.128880142125638031e+00 7.598399329323964224e+00 6.177944114050600177e+00 3.784189633918261020e+00 0.000000000000000000e+00
6.214608098422191418e+00 8.290543500772740160e+00 9.211539652551664403e+00 9.266153436795395493e+00 8.580543506916999519e+00 7.206377291472252367e+00 5.075173815233826602e+00
6.214608098422191418e+00 7.948031990637283606e+00 8.553332238032110624e+00 8.331827004436057393e+00 7.439559309133319864e+00 6.003887067106538744e+00 3.871201010907891149e+00
6.214608098422191418e+00 7.945555428253489261e+00 8.506334448081361188e+00 8.173857454773621356e+00 7.021083964289140056e+00 4.997212273764114698e+00 2.197224577336219564e+00
6.214608098422191418e+00 9.144307401371744248e+00 1.097028232331734365e+01 1.197461966634482344e+01 1.227198210150699431e+01 1.192817587381319022e+01 1.099934605300761703e+01
6.214608098422191418e+00 9.066239028001925604e+00 1.082434782812465279e+01 1.177067911688003576e+01 1.202172904578458024e+01 1.165306125050080333e+01 1.072939395267170681e+01
6.214608098422191418e+00 9.018816604417429161e+00 1.070463675689735084e+01 1.154534425122572827e+01 1.164715911095712819e+01 1.106102890873352607e+01 9.812468154148959343e+00
6.214608098422191418e+00 9.014568767457824094e+00 1.067549212317356755e+01 1.147032063213779196e+01 1.150671622749248435e+01 1.082859926491606117e+01 9.430679995957659045e+00
6.214608098422191418e+00 9.046408680293819060e+00 1.076183132445543400e+01 1.163865021489939267e+01 1.178650354203573514e+01 1.126518179678778608e+01 1.010891509804455701e+01
6.214608098422191418e+00 9.025335217553026368e+00 1.071452887369118478e+01 1.156041955149854061e+01 1.167520586602235610e+01 1.111701952211103084e+01 9.928326495883046832e+00
6.214608098422191418e+00 9.187685681411377203e+00 1.105884242785930383e+01 1.209873239370950770e+01 1.241959001344975100e+01 1.208467872346313499e+01 1.112860032481357919e+01
6.214608098422191418e+00 9.190137664658664107e+00 1.107005439604920660e+01 1.212107015846022762e+01 1.245160371572201186e+01 1.212036224009176522e+01 1.116024254230103274e+01
6.214608098422191418e+00 9.196140022575042039e+00 1.108680856913119150e+01 1.216325908582652460e+01 1.254897062136950936e+01 1.232535677620171199e+01 1.156300051760253567e+01
6.214608098422191418e+00 9.107421317968341867e+00 1.088952820259838816e+01 1.182934804378573723e+01 1.202895353252724320e+01 1.153499023756764075e+01 1.035856788118648808e+01
6.214608098422191418e+00 8.991562278171613798e+00 1.067090697747066130e+01 1.153358066989526165e+01 1.169242638082740982e+01 1.121145544074206235e+01 1.013336835750300224e+01
6.214608098422191418e+00 9.204422898212145654e+00 1.112066775394918317e+01 1.224091358917235972e+01 1.267161006609729057e+01 1.246846383271216752e+01 1.166518292521630329e+01
6.214608098422191418e+00 8.966611387052864757e+00 1.061277871491937752e+01 1.143450976633270599e+01 1.154885229771230470e+01 1.103083306002710984e+01 9.949177678453244411e+00
6.214608098422191418e+00 9.115590035430372495e+00 1.089960558426983717e+01 1.183672488241351495e+01 1.203959884701388461e+01 1.157484806757443074e+01 1.048693146800411036e+01
6.214608098422191418e+00 9.075894275423259216e+00 1.083500181618176939e+01 1.177720328204295441e+01 1.202319493411090257e+01 1.165200021476089987e+01 1.072853980397601248e+01
6.214608098422191418e+00 8.988321188323682875e+00 1.064685244925669139e+01 1.148189908636510559e+01 1.161437132836545771e+01 1.111587485546308152e+01 1.004663506175461229e+01
6.214608098422191418e+00 9.233763886919771124e+00 1.117538065334604269e+01 1.231551432191079343e+01 1.276811976110597158e+01 1.259472046577872106e+01 1.183501621048989882e+01
6.214608098422191418e+00 9.131297164635729047e+00 1.093294624251564784e+01 1.189186177573212433e+01 1.211973558659156147e+01 1.167932087121392470e+01 1.061619223231160447e+01
6.214608098422191418e+00 9.158520623246385384e+00 1.099732177775113762e+01 1.201726409360627734e+01 1.234855696582604700e+01 1.206454364282310898e+01 1.119172797318062962e+01
6.214608098422191418e+00 9.098402718735318473e+00 1.087634763589817766e+01 1.181883539600880084e+01 1.202969936262592832e+01 1.155903585126393196e+01 1.042987151521797173e+01
6.214608098422191418e+00 9.224834818126634417e+00 1.115652191277285432e+01 1.228875801214878116e+01 1.273785611142761098e+01 1.256467323422438831e+01 1.179826228947667133e+01
6.214608098422191418e+00 9.094143577573671422e+00 1.084556298338400993e+01 1.174188407600433592e+01 1.189541531831786259e+01 1.137162684250677280e+01 1.021053097846652946e+01
6.214608098422191418e+00 9.107642973737840819e+00 1.089351190078733822e+01 1.184416977404713833e+01 1.206283717744342177e+01 1.159947923727480301e+01 1.048500460442465254e+01
6.214608098422191418e+00 9.001099725830965070e+00 1.067835295938093054e+01 1.152553562168490409e+01 1.165260914341327947e+01 1.111906772990377945e+01 9.984099329028516934e+00
6.214608098422191418e+00 8.983941527941301075e+00 1.064220543463853197e+01 1.147335268985040457e+01 1.158748547779531179e+01 1.103867282143507822e+01 9.857234168018665699e+00
6.214608098422191418e+00 7.992606652400209732e+00 5.799092654460525686e+00 6.931471805599452862e-01 0.000000000000000000e+00 0.000000000000000000e+00 0.000000000000000000e+00
6.214608098422191418e+00 7.816013839159027476e+00 5.332718793265368795e+00 0.000000000000000000e+00 0.000000000000000000e+00 0.000000000000000000e+00 0.000000000000000000e+00
6.214608098422191418e+00 7.996317231796745695e+00 5.808142489980443912e+00 0.000000000000000000e+00 0.000000000000000000e+00 0.000000000000000000e+00 0.000000000000000000e+00
6.214608098422191418e+00 7.596894438144543571e+00 4.624972813284270678e+00 0.000000000000000000e+00 0.000000000000000000e+00 0.000000000000000000e+00 0.000000000000000000e+00
6.214608098422191418e+00 7.595889917718538165e+00 4.595119850134589790e+00 0.000000000000000000e+00 0.000000000000000000e+00 0.000000000000000000e+00 0.000000000000000000e+00
6.214608098422191418e+00 8.148156439921624639e+00 6.320768294250582287e+00 0.000000000000000000e+00 0.000000000000000000e+00 0.000000000000000000e+00 0.000000000000000000e+00
6.214608098422191418e+00 7.814803429489359132e+00 5.123963979403258762e+00 0.000000000000000000e+00 0.000000000000000000e+00 0.000000000000000000e+00 0.000000000000000000e+00
6.214608098422191418e+00 7.816416983691801157e+00 5.293304824724492263e+00 0.000000000000000000e+00 0.000000000000000000e+00 0.000000000000000000e+00 0.000000000000000000e+00
6.214608098422191418e+00 8.149023868051770592e+00 6.291569139558320423e+00 6.931471805599452862e-01 0.000000000000000000e+00 0.000000000000000000e+00 0.000000000000000000e+00
6.214608098422191418e+00 7.590852123688581088e+00 4.543294782270003829e+00 0.000000000000000000e+00 0.000000000000000000e+00 0.000000000000000000e+00 0.000000000000000000e+00
6.214608098422191418e+00 7.594884387216519706e+00 4.709530201312333908e+00 0.000000000000000000e+00 0.000000000000000000e+00 0.000000000000000000e+00 0.000000000000000000e+00
6.214608098422191418e+00 7.995980474763760171e+00 5.752572638825633078e+00 0.000000000000000000e+00 0.000000000000000000e+00 0.000000000000000000e+00 0.000000000000000000e+00
6.214608098422191418e+00 8.148734808937168950e+00 6.340359303727751694e+00 1.098612288668109782e+00 0.000000000000000000e+00 0.000000000000000000e+00 0.000000000000000000e+00
6.214608098422191418e+00 7.594381242551817124e+00 4.369447852467021498e+00 0.000000000000000000e+00 0.000000000000000000e+00 0.000000000000000000e+00 0.000000000000000000e+00
6.214608098422191418e+00 7.589841512182657013e+00 4.418840607796598263e+00 0.000000000000000000e+00 0.000000000000000000e+00 0.000000000000000000e+00 0.000000000000000000e+00
6.214608098422191418e+00 7.816013839159027476e+00 5.236441962829949226e+00 0.000000000000000000e+00 0.000000000000000000e+00 0.000000000000000000e+00 0.000000000000000000e+00
6.214608098422191418e+00 7.993619994827744435e+00 5.789960170897253455e+00 0.000000000000000000e+00 0.000000000000000000e+00 0.000000000000000000e+00 0.000000000000000000e+00
6.214608098422191418e+00 7.998335395952982374e+00 5.799092654460525686e+00 0.000000000000000000e+00 0.000000000000000000e+00 0.000000000000000000e+00 0.000000000000000000e+00
6.214608098422191418e+00 8.149890544402422776e+00 6.274762021241938825e+00 6.931471805599452862e-01 0.000000000000000000e+00 0.000000000000000000e+00 0.000000000000000000e+00
6.214608098422191418e+00 7.997663127020100404e+00 5.808142489980443912e+00 0.000000000000000000e+00 0.000000000000000000e+00 0.000000000000000000e+00 0.000000000000000000e+00
6.214608098422191418e+00 7.591357046698551159e+00 4.418840607796598263e+00 0.000000000000000000e+00 0.000000000000000000e+00 0.000000000000000000e+00 0.000000000000000000e+00
6.214608098422191418e+00 8.151333337900432241e+00 6.317164686747283930e+00 0.000000000000000000e+00 0.000000000000000000e+00 0.000000000000000000e+00 0.000000000000000000e+00
6.214608098422191418e+00 7.996990405837649973e+00 5.872117789475415961e+00 6.931471805599452862e-01 0.000000000000000000e+00 0.000000000000000000e+00 0.000000000000000000e+00
6.214608098422191418e+00 7.997663127020100404e+00 5.905361848054570650e+00 6.931471805599452862e-01 0.000000000000000000e+00 0.000000000000000000e+00 0.000000000000000000e+00
6.214608098422191418e+00 7.816416983691801157e+00 5.272999558563746803e+00 0.000000000000000000e+00 0.000000000000000000e+00 0.000000000000000000e+00 0.000000000000000000e+00
6.214608098422191418e+00 9.071423072789514208e+00 9.132703102249029925e+00 6.755768921984254938e+00 1.791759469228054957e+00 0.000000000000000000e+00 0.000000000000000000e+00
6.214608098422191418e+00 9.013108202446474593e+00 9.052867513151618084e+00 6.720220155135295137e+00 1.945910149055313232e+00 0.000000000000000000e+00 0.000000000000000000e+00
6.214608098422191418e+00 8.759197750371365387e+00 8.212025804623436898e+00 4.779123493111529619e+00 6.931471805599452862e-01 0.000000000000000000e+00 0.000000000000000000e+00
6.214608098422191418e+00 9.071997422354437290e+00 9.156728602527532956e+00 6.717804695023691153e+00 1.791759469228054957e+00 0.000000000000000000e+00 0.000000000000000000e+00
6.214608098422191418e+00 8.679822114864455429e+00 7.965198290612176102e+00 4.394449154672439128e+00 0.000000000000000000e+00 0.000000000000000000e+00 0.000000000000000000e+00
6.214608098422191418e+00 9.074520648833647840e+00 9.136801468641312596e+00 6.767343125265392167e+00 1.791759469228054957e+00 0.000000000000000000e+00 0.000000000000000000e+00
6.214608098422191418e+00 8.897682313454224001e+00 8.616676469901188185e+00 5.666426688112432331e+00 0.000000000000000000e+00 0.000000000000000000e+00 0.000000000000000000e+00
6.214608098422191418e+00 8.676587243566487473e+00 8.062117582754739331e+00 4.672828834461905778e+00 0.000000000000000000e+00 0.000000000000000000e+00 0.000000000000000000e+00
6.214608098422191418e+00 8.958925938694942914e+00 8.838551790227402449e+00 6.175867270105761087e+00 6.931471805599452862e-01 0.000000000000000000e+00 0.000000000000000000e+00
6.214608098422191418e+00 8.958025443361693263e+00 8.834191318202071486e+00 6.063785208687607842e+00 0.000000000000000000e+00 0.000000000000000000e+00 0.000000000000000000e+00
6.214608098422191418e+00 9.076351731972865267e+00 9.135077887475635094e+00 6.683360945766274597e+00 1.609437912434100282e+00 0.000000000000000000e+00 0.000000000000000000e+00
6.214608098422191418e+00 9.013838751608394873e+00 9.037176752966994187e+00 6.684611727667927106e+00 1.945910149055313232e+00 0.000000000000000000e+00 0.000000000000000000e+00
6.214608098422191418e+00 8.897135342293315929e+00 8.614138397472716591e+00 5.762051382780176922e+00 0.000000000000000000e+00 0.000000000000000000e+00 0.000000000000000000e+00
6.214608098422191418e+00 9.064967718960430076e+00 9.194414221425923017e+00 6.886531642530510311e+00 1.945910149055313232e+00 0.000000000000000000e+00 0.000000000000000000e+00
6.214608098422191418e+00 8.748622322317219258e+00 8.348064228408265564e+00 5.537334267018536593e+00 0.000000000000000000e+00 0.000000000000000000e+00 0.000000000000000000e+00
6.214608098422191418e+00 9.021356672308677105e+00 9.031452911916510118e+00 6.576469569048223995e+00 6.931471805599452862e-01 0.000000000000000000e+00 0.000000000000000000e+00
6.214608098422191418e+00 8.825706773447951292e+00 8.479698986988656983e+00 5.545177444479562290e+00 0.000000000000000000e+00 0.000000000000000000e+00 0.000000000000000000e+00
6.214608098422191418e+00 8.754002933494261285e+00 8.182559264068665073e+00 4.653960350157523074e+00 0.000000000000000000e+00 0.000000000000000000e+00 0.000000000000000000e+00
6.214608098422191418e+00 8.827761367654719749e+00 8.447199819595702763e+00 5.442417710521793239e+00 6.931471805599452862e-01 0.000000000000000000e+00 0.000000000000000000e+00
6.214608098422191418e+00 8.961750799330497230e+00 8.804775258867685750e+00 6.016157159698353851e+00 6.931471805599452862e-01 0.000000000000000000e+00 0.000000000000000000e+00
6.214608098422191418e+00 9.015541293671114786e+00 8.986071187374463420e+00 6.272877006546167422e+00 6.931471805599452862e-01 0.000000000000000000e+00 0.000000000000000000e+00
6.214608098422191418e+00 8.753845092755240032e+00 8.142354276849834704e+00 4.442651256490316669e+00 0.000000000000000000e+00 0.000000000000000000e+00 0.000000000000000000e+00
6.214608098422191418e+00 8.959311617172437181e+00 8.852521917335371526e+00 6.180016653652572245e+00 6.931471805599452862e-01 0.000000000000000000e+00 0.000000000000000000e+00
6.214608098422191418e+00 8.960082528170401517e+00 8.837971491357208720e+00 6.206575926724927861e+00 1.098612288668109782e+00 0.000000000000000000e+00 0.000000000000000000e+00
6.214608098422191418e+00 8.894670262984233133e+00 8.633552992532433024e+00 5.648974238161206252e+00 1.386294361119890572e+00 0.000000000000000000e+00 0.000000000000000000e+00
6.214608098422191418e+00 9.262173520616199696e+00 9.714986944665458424e+00 7.852827812281744535e+00 3.610917912644224348e+00 0.000000000000000000e+00 0.000000000000000000e+00
6.214608098422191418e+00 9.347315827003260580e+00 1.000238220951034229e+01 8.512582578858554072e+00 5.043425116919246776e+00 0.000000000000000000e+00 0.000000000000000000e+00
6.214608098422191418e+00 9.306468399070404018e+00 9.877451537985287189e+00 8.218787155601480876e+00 4.418840607796598263e+00 0.000000000000000000e+00 0.000000000000000000e+00
6.214608098422191418e+00 9.386308454797962497e+00 1.009191542776184392e+01 8.587278798982925565e+00 4.948759890378168436e+00 0.000000000000000000e+00 0.000000000000000000e+00
6.214608098422191418e+00 9.388821229384198830e+00 1.011407257460294140e+01 8.691986481789401253e+00 5.267858159063328216e+00 0.000000000000000000e+00 0.000000000000000000e+00
6.214608098422191418e+00 9.385049695767996525e+00 1.014725692164399362e+01 8.841737428600584536e+00 5.700443573390686858e+00 0.000000000000000000e+00 0.000000000000000000e+00
6.214608098422191418e+00 9.388737571877980415e+00 1.011184228637689841e+01 8.655040258108362750e+00 5.105945473900580289e+00 0.000000000000000000e+00 0.000000000000000000e+00
6.214608098422191418e+00 9.302007560502007166e+00 9.902236770634475604e+00 8.358900612421644283e+00 4.867534450455582196e+00 0.000000000000000000e+00 0.000000000000000000e+00
6.214608098422191418e+00 9.266437111328052367e+00 9.735896960342167006e+00 7.878155336503324335e+00 3.663561646129646299e+00 0.000000000000000000e+00 0.000000000000000000e+00
6.214608098422191418e+00 9.261983605128021324e+00 9.737137765251871357e+00 7.954372272531866628e+00 3.951243718581427533e+00 0.000000000000000000e+00 0.000000000000000000e+00
6.214608098422191418e+00 9.384041546476526108e+00 1.011180168960433612e+01 8.647343875881283282e+00 5.087596335232383638e+00 0.000000000000000000e+00 0.000000000000000000e+00
6.214608098422191418e+00 9.385972940619341287e+00 1.014960516741015972e+01 8.817594036275792746e+00 5.564520407322693707e+00 0.000000000000000000e+00 0.000000000000000000e+00
6.214608098422191418e+00 9.348622959776189845e+00 9.987874655796293411e+00 8.417372856134026193e+00 4.488636369732139642e+00 0.000000000000000000e+00 0.000000000000000000e+00
6.214608098422191418e+00 9.343646739284407587e+00 1.000825289111120853e+01 8.554296279367740397e+00 5.231108616854586835e+00 1.386294361119890572e+00 0.000000000000000000e+00
6.214608098422191418e+00 9.385721231090805361e+00 1.015917573532606433e+01 8.874168090363967920e+00 5.613128106388070471e+00 1.791759469228054957e+00 0.000000000000000000e+00
6.214608098422191418e+00 9.386643856444575107e+00 1.009162549465152203e+01 8.610319169405721951e+00 5.023880520846276454e+00 0.000000000000000000e+00 0.000000000000000000e+00
6.214608098422191418e+00 9.308917935337175820e+00 9.852246888342531150e+00 8.119993827725105362e+00 4.189654742026425183e+00 0.000000000000000000e+00 0.000000000000000000e+00
6.214608098422191418e+00 9.387816877106937241e+00 1.012563060351675404e+01 8.756052599170450534e+00 5.501258210544727412e+00 6.931471805599452862e-01 0.000000000000000000e+00
6.214608098422191418e+00 9.388570235866881220e+00 1.007765092162861897e+01 8.576781982827894169e+00 5.198497031265826074e+00 0.000000000000000000e+00 0.000000000000000000e+00
6.214608098422191418e+00 9.388570235866881220e+00 1.014557061366973301e+01 8.818630229100353546e+00 5.529429087511423369e+00 6.931471805599452862e-01 0.000000000000000000e+00
6.214608098422191418e+00 9.344171719609702720e+00 1.004072457084121339e+01 8.600062669238532465e+00 4.990432586778736024e+00 0.000000000000000000e+00 0.000000000000000000e+00
6.214608098422191418e+00 9.308011399149629383e+00 9.913932810397666273e+00 8.329416783939318947e+00 4.727387818712340817e+00 0.000000000000000000e+00 0.000000000000000000e+00
6.214608098422191418e+00 9.389573832170905021e+00 1.015552949389298654e+01 8.873187904050105601e+00 5.726847747587196835e+00 6.931471805599452862e-01 0.000000000000000000e+00
6.214608098422191418e+00 9.351666308066617361e+00 1.003640000365586893e+01 8.574895901544525856e+00 5.209486152841421358e+00 0.000000000000000000e+00 0.000000000000000000e+00
6.214608098422191418e+00 9.348274558065496009e+00 1.003042852597727652e+01 8.546946149565584960e+00 5.036952602413629521e+00 0.000000000000000000e+00 0.000000000000000000e+00
6.214608098422191418e+00 9.498971993463552366e+00 1.044447373919697064e+01 9.326878188224133837e+00 6.287858560161784460e+00 1.386294361119890572e+00 0.000000000000000000e+00
6.214608098422191418e+00 9.557611235839621244e+00 1.063014204040098853e+01 9.743553514619803124e+00 7.142827401161620848e+00 2.708050201102210064e+00 0.000000000000000000e+00
6.214608098422191418e+00 9.523617089089444931e+00 1.057423573815259488e+01 9.635019699008150695e+00 6.787844982309579223e+00 1.945910149055313232e+00 0.000000000000000000e+00
6.214608098422191418e+00 9.530102337891374731e+00 1.051924059818837520e+01 9.437396260110308077e+00 6.356107660695891504e+00 6.931471805599452862e-01 0.000000000000000000e+00
6.214608098422191418e+00 9.563529246630082525e+00 1.064882387609140579e+01 9.780245895678088885e+00 7.189922170745807861e+00 3.332204510175203804e+00 0.000000000000000000e+00
6.214608098422191418e+00 9.562826555293460373e+00 1.062893249939523521e+01 9.713355573650195751e+00 6.916715020353608523e+00 1.098612288668109782e+00 0.000000000000000000e+00
6.214608098422191418e+00 9.458215559509575598e+00 1.037773217603911746e+01 9.281730368062856229e+00 6.448889394146857690e+00 2.302585092994045901e+00 0.000000000000000000e+00
6.214608098422191418e+00 9.529521111487333940e+00 1.051726679771249984e+01 9.468001285315953197e+00 6.563855526532127449e+00 1.609437912434100282e+00 0.000000000000000000e+00
6.214608098422191418e+00 9.527338498762016883e+00 1.055453588207473459e+01 9.641473226832925292e+00 6.976348070447748739e+00 1.609437912434100282e+00 0.000000000000000000e+00
6.214608098422191418e+00 9.457278571856109650e+00 1.035815543808985595e+01 9.207837241758063840e+00 5.953243334287784627e+00 1.098612288668109782e+00 0.000000000000000000e+00
6.214608098422191418e+00 9.461410325931231213e+00 1.035379854843612790e+01 9.212338374638855854e+00 6.146329257668897483e+00 6.931471805599452862e-01 0.000000000000000000e+00
6.214608098422191418e+00 9.492507263739852874e+00 1.043143574485883995e+01 9.360827205250119576e+00 6.601230118728876661e+00 1.945910149055313232e+00 0.000000000000000000e+00
6.214608098422191418e+00 9.527993782923948274e+00 1.052438656888844903e+01 9.468542139105455391e+00 6.556778356158042165e+00 1.791759469228054957e+00 0.000000000000000000e+00
6.214608098422191418e+00 9.460009002229748276e+00 1.037605040417678737e+01 9.257319373170178167e+00 6.171700597410914924e+00 0.000000000000000000e+00 0.000000000000000000e+00
6.214608098422191418e+00 9.456497077599392398e+00 1.031218077799571731e+01 9.076008659180891058e+00 6.013715156042802157e+00 1.386294361119890572e+00 0.000000000000000000e+00
6.214608098422191418e+00 9.490242257109001045e+00 1.045599240329360669e+01 9.460709909543984608e+00 6.733401891837359265e+00 2.197224577336219564e+00 0.000000000000000000e+00
6.214608098422191418e+00 9.561067663645012260e+00 1.066816438423499491e+01 9.828278974938372770e+00 7.264030142899529530e+00 2.564949357461536739e+00 0.000000000000000000e+00
6.214608098422191418e+00 9.559799343294606899e+00 1.063217078158708873e+01 9.778491062361442943e+00 7.264030142899529530e+00 2.302585092994045901e+00 0.000000000000000000e+00
6.214608098422191418e+00 9.489864256726500358e+00 1.049110753688114883e+01 9.502636781978708314e+00 6.680854678790215218e+00 2.484906649788000355e+00 0.000000000000000000e+00
6.214608098422191418e+00 9.460009002229748276e+00 1.035098991643535093e+01 9.238441802087058008e+00 6.226536669287465742e+00 6.931471805599452862e-01 0.000000000000000000e+00
6.214608098422191418e+00 9.493411831870281148e+00 1.049791876015691550e+01 9.559376212117632221e+00 6.784457062637643254e+00 1.945910149055313232e+00 0.000000000000000000e+00
6.214608098422191418e+00 9.559094025166904984e+00 1.064048414037433510e+01 9.770984202723035139e+00 7.143617602704121161e+00 3.135494215929149675e+00 0.000000000000000000e+00
6.214608098422191418e+00 9.553575403548212108e+00 1.062776996202678426e+01 9.739143428972825589e+00 6.965080345601406542e+00 2.079441541679835748e+00 0.000000000000000000e+00
6.214608098422191418e+00 9.560785953663573977e+00 1.057941227430048770e+01 9.544023006988647140e+00 6.630683385642371697e+00 1.945910149055313232e+00 0.000000000000000000e+00
6.214608098422191418e+00 9.561701221091146508e+00 1.058070858254581381e+01 9.526974266377731482e+00 6.539585955617669200e+00 1.098612288668109782e+00 0.000000000000000000e+00
