0.000000000000000000e+00 7.530479995245536351e+00 0.000000000000000000e+00 0.000000000000000000e+00 0.000000000000000000e+00 0.000000000000000000e+00 0.000000000000000000e+00
4.795790545596741339e+00 3.713572066704307950e+00 0.000000000000000000e+00 0.000000000000000000e+00 0.000000000000000000e+00 0.000000000000000000e+00 0.000000000000000000e+00
5.874930730852030436e+00 0.000000000000000000e+00 0.000000000000000000e+00 0.000000000000000000e+00 0.000000000000000000e+00 0.000000000000000000e+00 0.000000000000000000e+00
4.356708826689591696e+00 4.543294782270003829e+00 0.000000000000000000e+00 0.000000000000000000e+00 0.000000000000000000e+00 0.000000000000000000e+00 0.000000000000000000e+00
0.000000000000000000e+00 7.417580402414544416e+00 0.000000000000000000e+00 0.000000000000000000e+00 0.000000000000000000e+00 0.000000000000000000e+00 0.000000000000000000e+00
0.000000000000000000e+00 7.339537695407674533e+00 0.000000000000000000e+00 0.000000000000000000e+00 0.000000000000000000e+00 0.000000000000000000e+00 0.000000000000000000e+00
5.690359454324060096e+00 0.000000000000000000e+00 0.000000000000000000e+00 0.000000000000000000e+00 0.000000000000000000e+00 0.000000000000000000e+00 0.000000000000000000e+00
0.000000000000000000e+00 7.161622002939187048e+00 0.000000000000000000e+00 0.000000000000000000e+00 0.000000000000000000e+00 0.000000000000000000e+00 0.000000000000000000e+00
5.198497031265826074e+00 1.945910149055313232e+00 0.000000000000000000e+00 0.000000000000000000e+00 0.000000000000000000e+00 0.000000000000000000e+00 0.000000000000000000e+00
0.000000000000000000e+00 7.521317980199239805e+00 0.000000000000000000e+00 0.000000000000000000e+00 0.000000000000000000e+00 0.000000000000000000e+00 0.000000000000000000e+00
1.098612288668109782e+00 6.758094504427730520e+00 0.000000000000000000e+00 0.000000000000000000e+00 0.000000000000000000e+00 0.000000000000000000e+00 0.000000000000000000e+00
6.049733455231957713e+00 0.000000000000000000e+00 0.000000000000000000e+00 0.000000000000000000e+00 0.000000000000000000e+00 0.000000000000000000e+00 0.000000000000000000e+00
4.663439094112066918e+00 3.737669618283368411e+00 0.000000000000000000e+00 0.000000000000000000e+00 0.000000000000000000e+00 0.000000000000000000e+00 0.000000000000000000e+00
6.931471805599452862e-01 6.927557906278316580e+00 0.000000000000000000e+00 0.000000000000000000e+00 0.000000000000000000e+00 0.000000000000000000e+00 0.000000000000000000e+00
6.156978985585555009e+00 0.000000000000000000e+00 0.000000000000000000e+00 0.000000000000000000e+00 0.000000000000000000e+00 0.000000000000000000e+00 0.000000000000000000e+00
0.000000000000000000e+00 7.318539548567901676e+00 0.000000000000000000e+00 0.000000000000000000e+00 0.000000000000000000e+00 0.000000000000000000e+00 0.000000000000000000e+00
4.043051267834550266e+00 4.867534450455582196e+00 0.000000000000000000e+00 0.000000000000000000e+00 0.000000000000000000e+00 0.000000000000000000e+00 0.000000000000000000e+00
0.000000000000000000e+00 7.491087593534875744e+00 0.000000000000000000e+00 0.000000000000000000e+00 0.000000000000000000e+00 0.000000000000000000e+00 0.000000000000000000e+00
5.283203728737988492e+00 2.079441541679835748e+00 0.000000000000000000e+00 0.000000000000000000e+00 0.000000000000000000e+00 0.000000000000000000e+00 0.000000000000000000e+00
6.115892125483034292e+00 0.000000000000000000e+00 0.000000000000000000e+00 0.000000000000000000e+00 0.000000000000000000e+00 0.000000000000000000e+00 0.000000000000000000e+00
6.931471805599452862e-01 7.312553498102597693e+00 0.000000000000000000e+00 0.000000000000000000e+00 0.000000000000000000e+00 0.000000000000000000e+00 0.000000000000000000e+00
5.283203728737988492e+00 0.000000000000000000e+00 0.000000000000000000e+00 0.000000000000000000e+00 0.000000000000000000e+00 0.000000000000000000e+00 0.000000000000000000e+00
0.000000000000000000e+00 7.062191632286555887e+00 0.000000000000000000e+00 0.000000000000000000e+00 0.000000000000000000e+00 0.000000000000000000e+00 0.000000000000000000e+00
2.079441541679835748e+00 5.976350909297933889e+00 0.000000000000000000e+00 0.000000000000000000e+00 0.000000000000000000e+00 0.000000000000000000e+00 0.000000000000000000e+00
6.931471805599452862e-01 6.870053411798125786e+00 0.000000000000000000e+00 0.000000000000000000e+00 0.000000000000000000e+00 0.000000000000000000e+00 0.000000000000000000e+00
0.000000000000000000e+00 8.238272624633030006e+00 2.639057329615258407e+00 0.000000000000000000e+00 0.000000000000000000e+00 0.000000000000000000e+00 0.000000000000000000e+00
0.000000000000000000e+00 8.164510268747042332e+00 1.609437912434100282e+00 0.000000000000000000e+00 0.000000000000000000e+00 0.000000000000000000e+00 0.000000000000000000e+00
0.000000000000000000e+00 8.222016437202196215e+00 3.295836866004329124e+00 0.000000000000000000e+00 0.000000000000000000e+00 0.000000000000000000e+00 0.000000000000000000e+00
0.000000000000000000e+00 8.220403099933729862e+00 2.995732273553990854e+00 0.000000000000000000e+00 0.000000000000000000e+00 0.000000000000000000e+00 0.000000000000000000e+00
0.000000000000000000e+00 8.261526448396468325e+00 2.484906649788000355e+00 0.000000000000000000e+00 0.000000000000000000e+00 0.000000000000000000e+00 0.000000000000000000e+00
0.000000000000000000e+00 8.220133957151858795e+00 2.197224577336219564e+00 0.000000000000000000e+00 0.000000000000000000e+00 0.000000000000000000e+00 0.000000000000000000e+00
0.000000000000000000e+00 8.219326093906090591e+00 2.890371757896164517e+00 0.000000000000000000e+00 0.000000000000000000e+00 0.000000000000000000e+00 0.000000000000000000e+00
0.000000000000000000e+00 8.207401833376355427e+00 1.945910149055313232e+00 0.000000000000000000e+00 0.000000000000000000e+00 0.000000000000000000e+00 0.000000000000000000e+00
0.000000000000000000e+00 8.236155661683124407e+00 2.708050201102210064e+00 0.000000000000000000e+00 0.000000000000000000e+00 0.000000000000000000e+00 0.000000000000000000e+00
0.000000000000000000e+00 8.235625719964311031e+00 2.708050201102210064e+00 0.000000000000000000e+00 0.000000000000000000e+00 0.000000000000000000e+00 0.000000000000000000e+00
0.000000000000000000e+00 8.246171559857563338e+00 3.555348061489413514e+00 0.000000000000000000e+00 0.000000000000000000e+00 0.000000000000000000e+00 0.000000000000000000e+00
0.000000000000000000e+00 8.199464197612160277e+00 1.386294361119890572e+00 0.000000000000000000e+00 0.000000000000000000e+00 0.000000000000000000e+00 0.000000000000000000e+00
0.000000000000000000e+00 8.232706009860976337e+00 2.995732273553990854e+00 0.000000000000000000e+00 0.000000000000000000e+00 0.000000000000000000e+00 0.000000000000000000e+00
0.000000000000000000e+00 8.257385655730436369e+00 2.484906649788000355e+00 0.000000000000000000e+00 0.000000000000000000e+00 0.000000000000000000e+00 0.000000000000000000e+00
0.000000000000000000e+00 8.195057690895076519e+00 3.526360524616161563e+00 0.000000000000000000e+00 0.000000000000000000e+00 0.000000000000000000e+00 0.000000000000000000e+00
0.000000000000000000e+00 8.254528881939744878e+00 3.178053830347945752e+00 0.000000000000000000e+00 0.000000000000000000e+00 0.000000000000000000e+00 0.000000000000000000e+00
0.000000000000000000e+00 8.239593454305968123e+00 2.302585092994045901e+00 0.000000000000000000e+00 0.000000000000000000e+00 0.000000000000000000e+00 0.000000000000000000e+00
0.000000000000000000e+00 8.264878262801747866e+00 2.484906649788000355e+00 0.000000000000000000e+00 0.000000000000000000e+00 0.000000000000000000e+00 0.000000000000000000e+00
0.000000000000000000e+00 8.217978203150732242e+00 2.890371757896164517e+00 0.000000000000000000e+00 0.000000000000000000e+00 0.000000000000000000e+00 0.000000000000000000e+00
0.000000000000000000e+00 8.217168595766070283e+00 3.433987204485146272e+00 0.000000000000000000e+00 0.000000000000000000e+00 0.000000000000000000e+00 0.000000000000000000e+00
0.000000000000000000e+00 8.244859395911255717e+00 2.708050201102210064e+00 0.000000000000000000e+00 0.000000000000000000e+00 0.000000000000000000e+00 0.000000000000000000e+00
0.000000000000000000e+00 8.190077049719048929e+00 0.000000000000000000e+00 0.000000000000000000e+00 0.000000000000000000e+00 0.000000000000000000e+00 0.000000000000000000e+00
0.000000000000000000e+00 8.229777750081886722e+00 3.610917912644224348e+00 0.000000000000000000e+00 0.000000000000000000e+00 0.000000000000000000e+00 0.000000000000000000e+00
0.000000000000000000e+00 8.230310799135020616e+00 3.135494215929149675e+00 0.000000000000000000e+00 0.000000000000000000e+00 0.000000000000000000e+00 0.000000000000000000e+00
0.000000000000000000e+00 8.238801165871549870e+00 3.091042453358316067e+00 0.000000000000000000e+00 0.000000000000000000e+00 0.000000000000000000e+00 0.000000000000000000e+00
0.000000000000000000e+00 4.919980925828125073e+00 8.935903526274422859e+00 6.931471805599452862e-01 0.000000000000000000e+00 0.000000000000000000e+00 0.000000000000000000e+00
0.000000000000000000e+00 5.308267697401205076e+00 8.704833909687792470e+00 1.098612288668109782e+00 0.000000000000000000e+00 0.000000000000000000e+00 0.000000000000000000e+00
0.000000000000000000e+00 5.365976015021851175e+00 8.618846845142737578e+00 0.000000000000000000e+00 0.000000000000000000e+00 0.000000000000000000e+00 0.000000000000000000e+00
0.000000000000000000e+00 4.369447852467021498e+00 9.303921785597713878e+00 6.931471805599452862e-01 0.000000000000000000e+00 0.000000000000000000e+00 0.000000000000000000e+00
0.000000000000000000e+00 4.605170185988091802e+00 9.115590035430372495e+00 1.386294361119890572e+00 0.000000000000000000e+00 0.000000000000000000e+00 0.000000000000000000e+00
0.000000000000000000e+00 4.574710978503382819e+00 9.172949982757623744e+00 6.931471805599452862e-01 0.000000000000000000e+00 0.000000000000000000e+00 0.000000000000000000e+00
0.000000000000000000e+00 5.153291594497779293e+00 8.836664586357425577e+00 6.931471805599452862e-01 0.000000000000000000e+00 0.000000000000000000e+00 0.000000000000000000e+00
0.000000000000000000e+00 4.094344562222100414e+00 9.381010986029275855e+00 6.931471805599452862e-01 0.000000000000000000e+00 0.000000000000000000e+00 0.000000000000000000e+00
0.000000000000000000e+00 3.806662489770319624e+00 9.567035315714917942e+00 1.609437912434100282e+00 0.000000000000000000e+00 0.000000000000000000e+00 0.000000000000000000e+00
0.000000000000000000e+00 3.663561646129646299e+00 9.623112055266785703e+00 2.302585092994045901e+00 0.000000000000000000e+00 0.000000000000000000e+00 0.000000000000000000e+00
0.000000000000000000e+00 5.075173815233826602e+00 8.817297783866575145e+00 0.000000000000000000e+00 0.000000000000000000e+00 0.000000000000000000e+00 0.000000000000000000e+00
0.000000000000000000e+00 4.454347296253507338e+00 9.250618218474752297e+00 1.386294361119890572e+00 0.000000000000000000e+00 0.000000000000000000e+00 0.000000000000000000e+00
0.000000000000000000e+00 2.639057329615258407e+00 9.832421104102268217e+00 2.397895272798370669e+00 0.000000000000000000e+00 0.000000000000000000e+00 0.000000000000000000e+00
0.000000000000000000e+00 4.510859506516849748e+00 9.255409335343760091e+00 0.000000000000000000e+00 0.000000000000000000e+00 0.000000000000000000e+00 0.000000000000000000e+00
0.000000000000000000e+00 4.905274778438429628e+00 8.978156076009824460e+00 1.386294361119890572e+00 0.000000000000000000e+00 0.000000000000000000e+00 0.000000000000000000e+00
0.000000000000000000e+00 5.298317366548036311e+00 8.792549614177382011e+00 0.000000000000000000e+00 0.000000000000000000e+00 0.000000000000000000e+00 0.000000000000000000e+00
0.000000000000000000e+00 2.708050201102210064e+00 9.859901324373204545e+00 1.945910149055313232e+00 0.000000000000000000e+00 0.000000000000000000e+00 0.000000000000000000e+00
0.000000000000000000e+00 5.777652323222656428e+00 8.249052274171292609e+00 0.000000000000000000e+00 0.000000000000000000e+00 0.000000000000000000e+00 0.000000000000000000e+00
0.000000000000000000e+00 5.278114659230516814e+00 8.766238380253099649e+00 1.098612288668109782e+00 0.000000000000000000e+00 0.000000000000000000e+00 0.000000000000000000e+00
0.000000000000000000e+00 5.236441962829949226e+00 8.746716349694485970e+00 0.000000000000000000e+00 0.000000000000000000e+00 0.000000000000000000e+00 0.000000000000000000e+00
0.000000000000000000e+00 3.912023005428145961e+00 9.424483541093094274e+00 2.079441541679835748e+00 0.000000000000000000e+00 0.000000000000000000e+00 0.000000000000000000e+00
0.000000000000000000e+00 5.023880520846276454e+00 8.877242435993919045e+00 0.000000000000000000e+00 0.000000000000000000e+00 0.000000000000000000e+00 0.000000000000000000e+00
0.000000000000000000e+00 5.123963979403258762e+00 8.776321456449958092e+00 0.000000000000000000e+00 0.000000000000000000e+00 0.000000000000000000e+00 0.000000000000000000e+00
0.000000000000000000e+00 2.890371757896164517e+00 9.811098103242780866e+00 2.944438979166440262e+00 0.000000000000000000e+00 0.000000000000000000e+00 0.000000000000000000e+00
0.000000000000000000e+00 2.944438979166440262e+00 9.784422445377188637e+00 2.302585092994045901e+00 0.000000000000000000e+00 0.000000000000000000e+00 0.000000000000000000e+00
0.000000000000000000e+00 0.000000000000000000e+00 1.062558655504584060e+01 6.406879986069314192e+00 6.931471805599452862e-01 0.000000000000000000e+00 0.000000000000000000e+00
0.000000000000000000e+00 0.000000000000000000e+00 1.059365529898707337e+01 6.054439346269370859e+00 0.000000000000000000e+00 0.000000000000000000e+00 0.000000000000000000e+00
0.000000000000000000e+00 0.000000000000000000e+00 1.063344870621878968e+01 6.658011045870748212e+00 0.000000000000000000e+00 0.000000000000000000e+00 0.000000000000000000e+00
0.000000000000000000e+00 0.000000000000000000e+00 1.061479385371198347e+01 6.315358001522334952e+00 0.000000000000000000e+00 0.000000000000000000e+00 0.000000000000000000e+00
0.000000000000000000e+00 0.000000000000000000e+00 1.052516558387687340e+01 5.347107530717468471e+00 0.000000000000000000e+00 0.000000000000000000e+00 0.000000000000000000e+00
0.000000000000000000e+00 0.000000000000000000e+00 1.065031767001225838e+01 6.719013154385259590e+00 0.000000000000000000e+00 0.000000000000000000e+00 0.000000000000000000e+00
0.000000000000000000e+00 0.000000000000000000e+00 1.057984456378859939e+01 5.774551545544408526e+00 0.000000000000000000e+00 0.000000000000000000e+00 0.000000000000000000e+00
0.000000000000000000e+00 0.000000000000000000e+00 1.055249996573149573e+01 5.749392985908253095e+00 0.000000000000000000e+00 0.000000000000000000e+00 0.000000000000000000e+00
0.000000000000000000e+00 0.000000000000000000e+00 1.063672045663535926e+01 6.466144724237619101e+00 0.000000000000000000e+00 0.000000000000000000e+00 0.000000000000000000e+00
0.000000000000000000e+00 0.000000000000000000e+00 1.055934814831005752e+01 5.771441123130015782e+00 0.000000000000000000e+00 0.000000000000000000e+00 0.000000000000000000e+00
0.000000000000000000e+00 0.000000000000000000e+00 1.064478183340139594e+01 6.315358001522334952e+00 0.000000000000000000e+00 0.000000000000000000e+00 0.000000000000000000e+00
0.000000000000000000e+00 0.000000000000000000e+00 1.053929689139520320e+01 5.579729825986222025e+00 0.000000000000000000e+00 0.000000000000000000e+00 0.000000000000000000e+00
0.000000000000000000e+00 0.000000000000000000e+00 1.061503932477217838e+01 6.357842266508099804e+00 0.000000000000000000e+00 0.000000000000000000e+00 0.000000000000000000e+00
0.000000000000000000e+00 0.000000000000000000e+00 1.063875987814672008e+01 6.447305862541212740e+00 6.931471805599452862e-01 0.000000000000000000e+00 0.000000000000000000e+00
0.000000000000000000e+00 0.000000000000000000e+00 1.062166875081571504e+01 6.697034247666484141e+00 0.000000000000000000e+00 0.000000000000000000e+00 0.000000000000000000e+00
0.000000000000000000e+00 0.000000000000000000e+00 1.061795581479975681e+01 6.265301212737710124e+00 0.000000000000000000e+00 0.000000000000000000e+00 0.000000000000000000e+00
0.000000000000000000e+00 0.000000000000000000e+00 1.059322893996124115e+01 5.826000107380449933e+00 0.000000000000000000e+00 0.000000000000000000e+00 0.000000000000000000e+00
0.000000000000000000e+00 0.000000000000000000e+00 1.060705525042395792e+01 5.998936561946682566e+00 0.000000000000000000e+00 0.000000000000000000e+00 0.000000000000000000e+00
0.000000000000000000e+00 0.000000000000000000e+00 1.063614386619078545e+01 6.520621127558696273e+00 0.000000000000000000e+00 0.000000000000000000e+00 0.000000000000000000e+00
0.000000000000000000e+00 0.000000000000000000e+00 1.063236378055031928e+01 6.887552571664617318e+00 1.791759469228054957e+00 0.000000000000000000e+00 0.000000000000000000e+00
0.000000000000000000e+00 0.000000000000000000e+00 1.056162912389725861e+01 5.641907070938113833e+00 6.931471805599452862e-01 0.000000000000000000e+00 0.000000000000000000e+00
0.000000000000000000e+00 0.000000000000000000e+00 1.062451737408232511e+01 6.624065227799893485e+00 0.000000000000000000e+00 0.000000000000000000e+00 0.000000000000000000e+00
0.000000000000000000e+00 0.000000000000000000e+00 1.060301434006011156e+01 6.023447592961033159e+00 0.000000000000000000e+00 0.000000000000000000e+00 0.000000000000000000e+00
0.000000000000000000e+00 0.000000000000000000e+00 1.060365999803282655e+01 6.192362489474872334e+00 0.000000000000000000e+00 0.000000000000000000e+00 0.000000000000000000e+00
0.000000000000000000e+00 0.000000000000000000e+00 1.057113742182254512e+01 5.869296913133774218e+00 0.000000000000000000e+00 0.000000000000000000e+00 0.000000000000000000e+00
5.983936280687190745e+00 0.000000000000000000e+00 0.000000000000000000e+00 0.000000000000000000e+00 0.000000000000000000e+00 0.000000000000000000e+00 0.000000000000000000e+00
5.913503005638269805e+00 0.000000000000000000e+00 0.000000000000000000e+00 0.000000000000000000e+00 0.000000000000000000e+00 0.000000000000000000e+00 0.000000000000000000e+00
5.996452088619021126e+00 0.000000000000000000e+00 0.000000000000000000e+00 0.000000000000000000e+00 0.000000000000000000e+00 0.000000000000000000e+00 0.000000000000000000e+00
6.184148890937483323e+00 0.000000000000000000e+00 0.000000000000000000e+00 0.000000000000000000e+00 0.000000000000000000e+00 0.000000000000000000e+00 0.000000000000000000e+00
6.152732694704104333e+00 0.000000000000000000e+00 0.000000000000000000e+00 0.000000000000000000e+00 0.000000000000000000e+00 0.000000000000000000e+00 0.000000000000000000e+00
6.208590026096628911e+00 0.000000000000000000e+00 0.000000000000000000e+00 0.000000000000000000e+00 0.000000000000000000e+00 0.000000000000000000e+00 0.000000000000000000e+00
6.202535517187922842e+00 0.000000000000000000e+00 0.000000000000000000e+00 0.000000000000000000e+00 0.000000000000000000e+00 0.000000000000000000e+00 0.000000000000000000e+00
6.190315405853147546e+00 0.000000000000000000e+00 0.000000000000000000e+00 0.000000000000000000e+00 0.000000000000000000e+00 0.000000000000000000e+00 0.000000000000000000e+00
6.037870919922137425e+00 6.931471805599452862e-01 0.000000000000000000e+00 0.000000000000000000e+00 0.000000000000000000e+00 0.000000000000000000e+00 0.000000000000000000e+00
6.200509174042689864e+00 0.000000000000000000e+00 0.000000000000000000e+00 0.000000000000000000e+00 0.000000000000000000e+00 0.000000000000000000e+00 0.000000000000000000e+00
6.161207321695076899e+00 0.000000000000000000e+00 0.000000000000000000e+00 0.000000000000000000e+00 0.000000000000000000e+00 0.000000000000000000e+00 0.000000000000000000e+00
6.135564891081738637e+00 6.931471805599452862e-01 0.000000000000000000e+00 0.000000000000000000e+00 0.000000000000000000e+00 0.000000000000000000e+00 0.000000000000000000e+00
6.111467339502678620e+00 0.000000000000000000e+00 0.000000000000000000e+00 0.000000000000000000e+00 0.000000000000000000e+00 0.000000000000000000e+00 0.000000000000000000e+00
6.154858094016417702e+00 0.000000000000000000e+00 0.000000000000000000e+00 0.000000000000000000e+00 0.000000000000000000e+00 0.000000000000000000e+00 0.000000000000000000e+00
6.135564891081738637e+00 0.000000000000000000e+00 0.000000000000000000e+00 0.000000000000000000e+00 0.000000000000000000e+00 0.000000000000000000e+00 0.000000000000000000e+00
6.120297418950950252e+00 0.000000000000000000e+00 0.000000000000000000e+00 0.000000000000000000e+00 0.000000000000000000e+00 0.000000000000000000e+00 0.000000000000000000e+00
6.184148890937483323e+00 0.000000000000000000e+00 0.000000000000000000e+00 0.000000000000000000e+00 0.000000000000000000e+00 0.000000000000000000e+00 0.000000000000000000e+00
5.961005339623273613e+00 6.931471805599452862e-01 0.000000000000000000e+00 0.000000000000000000e+00 0.000000000000000000e+00 0.000000000000000000e+00 0.000000000000000000e+00
6.111467339502678620e+00 0.000000000000000000e+00 0.000000000000000000e+00 0.000000000000000000e+00 0.000000000000000000e+00 0.000000000000000000e+00 0.000000000000000000e+00
6.198478716492307861e+00 0.000000000000000000e+00 0.000000000000000000e+00 0.000000000000000000e+00 0.000000000000000000e+00 0.000000000000000000e+00 0.000000000000000000e+00
6.124683390894205104e+00 0.000000000000000000e+00 0.000000000000000000e+00 0.000000000000000000e+00 0.000000000000000000e+00 0.000000000000000000e+00 0.000000000000000000e+00
6.206575926724927861e+00 0.000000000000000000e+00 0.000000000000000000e+00 0.000000000000000000e+00 0.000000000000000000e+00 0.000000000000000000e+00 0.000000000000000000e+00
6.156978985585555009e+00 0.000000000000000000e+00 0.000000000000000000e+00 0.000000000000000000e+00 0.000000000000000000e+00 0.000000000000000000e+00 0.000000000000000000e+00
6.208590026096628911e+00 0.000000000000000000e+00 0.000000000000000000e+00 0.000000000000000000e+00 0.000000000000000000e+00 0.000000000000000000e+00 0.000000000000000000e+00
5.948034989180645660e+00 1.386294361119890572e+00 0.000000000000000000e+00 0.000000000000000000e+00 0.000000000000000000e+00 0.000000000000000000e+00 0.000000000000000000e+00
3.931825632724325725e+00 3.951243718581427533e+00 0.000000000000000000e+00 0.000000000000000000e+00 0.000000000000000000e+00 0.000000000000000000e+00 0.000000000000000000e+00
4.219507705176106960e+00 3.663561646129646299e+00 1.609437912434100282e+00 0.000000000000000000e+00 0.000000000000000000e+00 0.000000000000000000e+00 0.000000000000000000e+00
4.454347296253507338e+00 3.761200115693562385e+00 0.000000000000000000e+00 0.000000000000000000e+00 0.000000000000000000e+00 0.000000000000000000e+00 0.000000000000000000e+00
4.158883083359671495e+00 3.761200115693562385e+00 6.931471805599452862e-01 0.000000000000000000e+00 0.000000000000000000e+00 0.000000000000000000e+00 0.000000000000000000e+00
4.043051267834550266e+00 3.871201010907891149e+00 1.098612288668109782e+00 0.000000000000000000e+00 0.000000000000000000e+00 0.000000000000000000e+00 0.000000000000000000e+00
4.094344562222100414e+00 3.931825632724325725e+00 0.000000000000000000e+00 0.000000000000000000e+00 0.000000000000000000e+00 0.000000000000000000e+00 0.000000000000000000e+00
4.634728988229635860e+00 3.583518938456109915e+00 0.000000000000000000e+00 0.000000000000000000e+00 0.000000000000000000e+00 0.000000000000000000e+00 0.000000000000000000e+00
4.727387818712340817e+00 3.258096538021482136e+00 1.386294361119890572e+00 0.000000000000000000e+00 0.000000000000000000e+00 0.000000000000000000e+00 0.000000000000000000e+00
3.912023005428145961e+00 3.891820298110626464e+00 0.000000000000000000e+00 0.000000000000000000e+00 0.000000000000000000e+00 0.000000000000000000e+00 0.000000000000000000e+00
4.477336814478206861e+00 3.713572066704307950e+00 1.098612288668109782e+00 0.000000000000000000e+00 0.000000000000000000e+00 0.000000000000000000e+00 0.000000000000000000e+00
3.912023005428145961e+00 4.025351690735149646e+00 6.931471805599452862e-01 0.000000000000000000e+00 0.000000000000000000e+00 0.000000000000000000e+00 0.000000000000000000e+00
4.219507705176106960e+00 3.761200115693562385e+00 1.386294361119890572e+00 0.000000000000000000e+00 0.000000000000000000e+00 0.000000000000000000e+00 0.000000000000000000e+00
3.806662489770319624e+00 4.189654742026425183e+00 0.000000000000000000e+00 0.000000000000000000e+00 0.000000000000000000e+00 0.000000000000000000e+00 0.000000000000000000e+00
4.488636369732139642e+00 3.737669618283368411e+00 1.098612288668109782e+00 0.000000000000000000e+00 0.000000000000000000e+00 0.000000000000000000e+00 0.000000000000000000e+00
4.564348191467836102e+00 3.713572066704307950e+00 0.000000000000000000e+00 0.000000000000000000e+00 0.000000000000000000e+00 0.000000000000000000e+00 0.000000000000000000e+00
4.663439094112066918e+00 3.637586159726385659e+00 0.000000000000000000e+00 0.000000000000000000e+00 0.000000000000000000e+00 0.000000000000000000e+00 0.000000000000000000e+00
4.718498871295094155e+00 3.258096538021482136e+00 0.000000000000000000e+00 0.000000000000000000e+00 0.000000000000000000e+00 0.000000000000000000e+00 0.000000000000000000e+00
3.891820298110626464e+00 3.871201010907891149e+00 1.945910149055313232e+00 0.000000000000000000e+00 0.000000000000000000e+00 0.000000000000000000e+00 0.000000000000000000e+00
3.784189633918261020e+00 4.158883083359671495e+00 6.931471805599452862e-01 0.000000000000000000e+00 0.000000000000000000e+00 0.000000000000000000e+00 0.000000000000000000e+00
4.779123493111529619e+00 3.526360524616161563e+00 0.000000000000000000e+00 0.000000000000000000e+00 0.000000000000000000e+00 0.000000000000000000e+00 0.000000000000000000e+00
4.007333185232471173e+00 3.931825632724325725e+00 6.931471805599452862e-01 0.000000000000000000e+00 0.000000000000000000e+00 0.000000000000000000e+00 0.000000000000000000e+00
4.499809670330265021e+00 3.891820298110626464e+00 0.000000000000000000e+00 0.000000000000000000e+00 0.000000000000000000e+00 0.000000000000000000e+00 0.000000000000000000e+00
4.787491742782045812e+00 3.663561646129646299e+00 0.000000000000000000e+00 0.000000000000000000e+00 0.000000000000000000e+00 0.000000000000000000e+00 0.000000000000000000e+00
4.077537443905719705e+00 3.891820298110626464e+00 6.931471805599452862e-01 0.000000000000000000e+00 0.000000000000000000e+00 0.000000000000000000e+00 0.000000000000000000e+00
3.891820298110626464e+00 4.077537443905719705e+00 1.386294361119890572e+00 0.000000000000000000e+00 0.000000000000000000e+00 0.000000000000000000e+00 0.000000000000000000e+00
0.000000000000000000e+00 4.158883083359671495e+00 4.543294782270003829e+00 1.098612288668109782e+00 0.000000000000000000e+00 0.000000000000000000e+00 0.000000000000000000e+00
0.000000000000000000e+00 1.945910149055313232e+00 4.934473933130691492e+00 5.153291594497779293e+00 1.945910149055313232e+00 0.000000000000000000e+00 0.000000000000000000e+00
0.000000000000000000e+00 3.850147601710058431e+00 4.574710978503382819e+00 2.833213344056216165e+00 0.000000000000000000e+00 0.000000000000000000e+00 0.000000000000000000e+00
0.000000000000000000e+00 3.044522437723423014e+00 4.948759890378168436e+00 4.025351690735149646e+00 0.000000000000000000e+00 0.000000000000000000e+00 0.000000000000000000e+00
0.000000000000000000e+00 3.496507561466480229e+00 4.934473933130691492e+00 3.737669618283368411e+00 0.000000000000000000e+00 0.000000000000000000e+00 0.000000000000000000e+00
0.000000000000000000e+00 3.044522437723423014e+00 5.043425116919246776e+00 3.988984046564274522e+00 1.386294361119890572e+00 0.000000000000000000e+00 0.000000000000000000e+00
0.000000000000000000e+00 1.098612288668109782e+00 4.983606621708336348e+00 4.912654885736052357e+00 3.871201010907891149e+00 0.000000000000000000e+00 0.000000000000000000e+00
0.000000000000000000e+00 3.663561646129646299e+00 4.787491742782045812e+00 3.044522437723423014e+00 0.000000000000000000e+00 0.000000000000000000e+00 0.000000000000000000e+00
0.000000000000000000e+00 4.234106504597259679e+00 4.343805421853684123e+00 2.197224577336219564e+00 0.000000000000000000e+00 0.000000000000000000e+00 0.000000000000000000e+00
0.000000000000000000e+00 3.555348061489413514e+00 4.828313737302301512e+00 2.708050201102210064e+00 0.000000000000000000e+00 0.000000000000000000e+00 0.000000000000000000e+00
0.000000000000000000e+00 3.713572066704307950e+00 4.804021044733256751e+00 3.135494215929149675e+00 0.000000000000000000e+00 0.000000000000000000e+00 0.000000000000000000e+00
0.000000000000000000e+00 4.060443010546419096e+00 4.330733340286331057e+00 2.484906649788000355e+00 0.000000000000000000e+00 0.000000000000000000e+00 0.000000000000000000e+00
0.000000000000000000e+00 2.708050201102210064e+00 5.043425116919246776e+00 4.553876891600540766e+00 0.000000000000000000e+00 0.000000000000000000e+00 0.000000000000000000e+00
0.000000000000000000e+00 4.248495242049359355e+00 4.454347296253507338e+00 2.484906649788000355e+00 0.000000000000000000e+00 0.000000000000000000e+00 0.000000000000000000e+00
0.000000000000000000e+00 3.891820298110626464e+00 4.382026634673881205e+00 1.386294361119890572e+00 0.000000000000000000e+00 0.000000000000000000e+00 0.000000000000000000e+00
1.098612288668109782e+00 3.713572066704307950e+00 4.844187086458591196e+00 3.401197381662155461e+00 0.000000000000000000e+00 0.000000000000000000e+00 0.000000000000000000e+00
0.000000000000000000e+00 3.784189633918261020e+00 4.762173934797756303e+00 3.555348061489413514e+00 1.386294361119890572e+00 0.000000000000000000e+00 0.000000000000000000e+00
6.931471805599452862e-01 4.204692619390965724e+00 4.477336814478206861e+00 2.397895272798370669e+00 0.000000000000000000e+00 0.000000000000000000e+00 0.000000000000000000e+00
0.000000000000000000e+00 3.850147601710058431e+00 4.820281565605037066e+00 2.890371757896164517e+00 6.931471805599452862e-01 0.000000000000000000e+00 0.000000000000000000e+00
0.000000000000000000e+00 3.737669618283368411e+00 4.744932128363250179e+00 3.401197381662155461e+00 0.000000000000000000e+00 0.000000000000000000e+00 0.000000000000000000e+00
0.000000000000000000e+00 2.079441541679835748e+00 4.859812404361671945e+00 5.111987788356543660e+00 1.386294361119890572e+00 0.000000000000000000e+00 0.000000000000000000e+00
6.931471805599452862e-01 4.304065093204170189e+00 4.553876891600540766e+00 1.791759469228054957e+00 0.000000000000000000e+00 0.000000000000000000e+00 0.000000000000000000e+00
0.000000000000000000e+00 2.197224577336219564e+00 5.278114659230516814e+00 4.644390899141372486e+00 6.931471805599452862e-01 0.000000000000000000e+00 0.000000000000000000e+00
6.931471805599452862e-01 4.043051267834550266e+00 4.762173934797756303e+00 2.890371757896164517e+00 0.000000000000000000e+00 0.000000000000000000e+00 0.000000000000000000e+00
0.000000000000000000e+00 3.761200115693562385e+00 4.820281565605037066e+00 2.772588722239781145e+00 0.000000000000000000e+00 0.000000000000000000e+00 0.000000000000000000e+00
0.000000000000000000e+00 0.000000000000000000e+00 2.079441541679835748e+00 5.971261839790462211e+00 6.836259277277067170e+00 4.574710978503382819e+00 1.098612288668109782e+00
0.000000000000000000e+00 0.000000000000000000e+00 3.401197381662155461e+00 6.095824562432224702e+00 6.734591659972948285e+00 4.477336814478206861e+00 1.609437912434100282e+00
0.000000000000000000e+00 0.000000000000000000e+00 3.218875824868200564e+00 6.196444127794520362e+00 6.378426183651586534e+00 2.772588722239781145e+00 0.000000000000000000e+00
0.000000000000000000e+00 0.000000000000000000e+00 2.708050201102210064e+00 6.432940092739179327e+00 6.232448016550522496e+00 2.944438979166440262e+00 0.000000000000000000e+00
0.000000000000000000e+00 0.000000000000000000e+00 3.044522437723423014e+00 6.111467339502678620e+00 6.470799503782601825e+00 2.772588722239781145e+00 0.000000000000000000e+00
0.000000000000000000e+00 0.000000000000000000e+00 3.332204510175203804e+00 6.269096283706261374e+00 6.309918278226516186e+00 3.465735902799726542e+00 0.000000000000000000e+00
0.000000000000000000e+00 0.000000000000000000e+00 2.079441541679835748e+00 6.061456918928016968e+00 7.145196134997171100e+00 5.262690188904885602e+00 0.000000000000000000e+00
0.000000000000000000e+00 0.000000000000000000e+00 2.772588722239781145e+00 6.077642243349034246e+00 7.047517221357296080e+00 5.164785973923514462e+00 0.000000000000000000e+00
0.000000000000000000e+00 0.000000000000000000e+00 2.484906649788000355e+00 6.093569770045135670e+00 7.006695226837040380e+00 5.257495372027781499e+00 6.931471805599452862e-01
0.000000000000000000e+00 0.000000000000000000e+00 2.079441541679835748e+00 6.146329257668897483e+00 6.840546529288687339e+00 3.988984046564274522e+00 0.000000000000000000e+00
0.000000000000000000e+00 0.000000000000000000e+00 3.663561646129646299e+00 6.061456918928016968e+00 6.137727054086234091e+00 3.583518938456109915e+00 0.000000000000000000e+00
0.000000000000000000e+00 0.000000000000000000e+00 2.484906649788000355e+00 5.765191102784844368e+00 7.012115294306379809e+00 6.001414877961150474e+00 1.386294361119890572e+00
0.000000000000000000e+00 0.000000000000000000e+00 3.258096538021482136e+00 6.249975242259482755e+00 6.202535517187922842e+00 3.295836866004329124e+00 0.000000000000000000e+00
0.000000000000000000e+00 0.000000000000000000e+00 2.197224577336219564e+00 6.240275845170769387e+00 6.776506992372183014e+00 4.094344562222100414e+00 0.000000000000000000e+00
0.000000000000000000e+00 0.000000000000000000e+00 3.218875824868200564e+00 6.309918278226516186e+00 6.579251212010101213e+00 4.510859506516849748e+00 0.000000000000000000e+00
0.000000000000000000e+00 0.000000000000000000e+00 3.367295829986474143e+00 6.163314804034641270e+00 6.082218910376446352e+00 2.833213344056216165e+00 0.000000000000000000e+00
0.000000000000000000e+00 0.000000000000000000e+00 2.833213344056216165e+00 5.937536205082426299e+00 7.134093721192866333e+00 6.272877006546167422e+00 1.609437912434100282e+00
0.000000000000000000e+00 0.000000000000000000e+00 2.079441541679835748e+00 6.180016653652572245e+00 6.870053411798125786e+00 3.988984046564274522e+00 0.000000000000000000e+00
0.000000000000000000e+00 0.000000000000000000e+00 1.945910149055313232e+00 6.322565239927284253e+00 6.752270376141741970e+00 5.476463551931511020e+00 1.945910149055313232e+00
0.000000000000000000e+00 0.000000000000000000e+00 2.944438979166440262e+00 6.249975242259482755e+00 6.779921907472251874e+00 4.110873864173311354e+00 0.000000000000000000e+00
0.000000000000000000e+00 0.000000000000000000e+00 2.197224577336219564e+00 5.993961427306569334e+00 6.998509642250601459e+00 6.013715156042802157e+00 1.098612288668109782e+00
0.000000000000000000e+00 0.000000000000000000e+00 3.044522437723423014e+00 6.285998094508864931e+00 6.638567789166520683e+00 3.988984046564274522e+00 0.000000000000000000e+00
0.000000000000000000e+00 0.000000000000000000e+00 3.044522437723423014e+00 6.073044534100405123e+00 6.866933284461882003e+00 4.234106504597259679e+00 0.000000000000000000e+00
0.000000000000000000e+00 0.000000000000000000e+00 3.332204510175203804e+00 6.091309882077697857e+00 6.356107660695891504e+00 2.639057329615258407e+00 0.000000000000000000e+00
0.000000000000000000e+00 0.000000000000000000e+00 4.077537443905719705e+00 6.086774726912306477e+00 6.028278520230697879e+00 2.564949357461536739e+00 0.000000000000000000e+00
0.000000000000000000e+00 7.665753431861698886e+00 6.931471805599452862e-01 0.000000000000000000e+00 0.000000000000000000e+00 0.000000000000000000e+00 0.000000000000000000e+00
0.000000000000000000e+00 7.482681828154650994e+00 1.098612288668109782e+00 0.000000000000000000e+00 0.000000000000000000e+00 0.000000000000000000e+00 0.000000000000000000e+00
0.000000000000000000e+00 7.669028288589682774e+00 1.098612288668109782e+00 0.000000000000000000e+00 0.000000000000000000e+00 0.000000000000000000e+00 0.000000000000000000e+00
0.000000000000000000e+00 7.237778191923442961e+00 0.000000000000000000e+00 0.000000000000000000e+00 0.000000000000000000e+00 0.000000000000000000e+00 0.000000000000000000e+00
0.000000000000000000e+00 7.238496840894365292e+00 0.000000000000000000e+00 0.000000000000000000e+00 0.000000000000000000e+00 0.000000000000000000e+00 0.000000000000000000e+00
0.000000000000000000e+00 7.786551806428711586e+00 1.609437912434100282e+00 0.000000000000000000e+00 0.000000000000000000e+00 0.000000000000000000e+00 0.000000000000000000e+00
0.000000000000000000e+00 7.501082124259871087e+00 0.000000000000000000e+00 0.000000000000000000e+00 0.000000000000000000e+00 0.000000000000000000e+00 0.000000000000000000e+00
0.000000000000000000e+00 7.486052617863140135e+00 0.000000000000000000e+00 0.000000000000000000e+00 0.000000000000000000e+00 0.000000000000000000e+00 0.000000000000000000e+00
0.000000000000000000e+00 7.793174347189204987e+00 0.000000000000000000e+00 0.000000000000000000e+00 0.000000000000000000e+00 0.000000000000000000e+00 0.000000000000000000e+00
0.000000000000000000e+00 7.234898420314831213e+00 0.000000000000000000e+00 0.000000000000000000e+00 0.000000000000000000e+00 0.000000000000000000e+00 0.000000000000000000e+00
0.000000000000000000e+00 7.228388451573604101e+00 0.000000000000000000e+00 0.000000000000000000e+00 0.000000000000000000e+00 0.000000000000000000e+00 0.000000000000000000e+00
0.000000000000000000e+00 7.675546002537847912e+00 0.000000000000000000e+00 0.000000000000000000e+00 0.000000000000000000e+00 0.000000000000000000e+00 0.000000000000000000e+00
0.000000000000000000e+00 7.781973234434384601e+00 0.000000000000000000e+00 0.000000000000000000e+00 0.000000000000000000e+00 0.000000000000000000e+00 0.000000000000000000e+00
0.000000000000000000e+00 7.250635511898679830e+00 0.000000000000000000e+00 0.000000000000000000e+00 0.000000000000000000e+00 0.000000000000000000e+00 0.000000000000000000e+00
0.000000000000000000e+00 7.241366283322317798e+00 0.000000000000000000e+00 0.000000000000000000e+00 0.000000000000000000e+00 0.000000000000000000e+00 0.000000000000000000e+00
0.000000000000000000e+00 7.491645473605132999e+00 0.000000000000000000e+00 0.000000000000000000e+00 0.000000000000000000e+00 0.000000000000000000e+00 0.000000000000000000e+00
0.000000000000000000e+00 7.667158255319147742e+00 0.000000000000000000e+00 0.000000000000000000e+00 0.000000000000000000e+00 0.000000000000000000e+00 0.000000000000000000e+00
0.000000000000000000e+00 7.672292455628755725e+00 0.000000000000000000e+00 0.000000000000000000e+00 0.000000000000000000e+00 0.000000000000000000e+00 0.000000000000000000e+00
0.000000000000000000e+00 7.798523053625205925e+00 6.931471805599452862e-01 0.000000000000000000e+00 0.000000000000000000e+00 0.000000000000000000e+00 0.000000000000000000e+00
0.000000000000000000e+00 7.669961995473577154e+00 0.000000000000000000e+00 0.000000000000000000e+00 0.000000000000000000e+00 0.000000000000000000e+00 0.000000000000000000e+00
0.000000000000000000e+00 7.243512974665481607e+00 0.000000000000000000e+00 0.000000000000000000e+00 0.000000000000000000e+00 0.000000000000000000e+00 0.000000000000000000e+00
0.000000000000000000e+00 7.789868559054705877e+00 0.000000000000000000e+00 0.000000000000000000e+00 0.000000000000000000e+00 0.000000000000000000e+00 0.000000000000000000e+00
0.000000000000000000e+00 7.659171367666058217e+00 0.000000000000000000e+00 0.000000000000000000e+00 0.000000000000000000e+00 0.000000000000000000e+00 0.000000000000000000e+00
0.000000000000000000e+00 7.655390644826152169e+00 6.931471805599452862e-01 0.000000000000000000e+00 0.000000000000000000e+00 0.000000000000000000e+00 0.000000000000000000e+00
0.000000000000000000e+00 7.489412083508718787e+00 6.931471805599452862e-01 0.000000000000000000e+00 0.000000000000000000e+00 0.000000000000000000e+00 0.000000000000000000e+00
0.000000000000000000e+00 6.850126166145500406e+00 7.225481472782294468e+00 6.931471805599452862e-01 0.000000000000000000e+00 0.000000000000000000e+00 0.000000000000000000e+00
0.000000000000000000e+00 6.839476438228842881e+00 7.052721049232323125e+00 6.931471805599452862e-01 0.000000000000000000e+00 0.000000000000000000e+00 0.000000000000000000e+00
0.000000000000000000e+00 7.750184162257836462e+00 4.595119850134589790e+00 0.000000000000000000e+00 0.000000000000000000e+00 0.000000000000000000e+00 0.000000000000000000e+00
0.000000000000000000e+00 6.692083742506627964e+00 7.321849713788355807e+00 1.098612288668109782e+00 0.000000000000000000e+00 0.000000000000000000e+00 0.000000000000000000e+00
0.000000000000000000e+00 7.860185057472165226e+00 3.637586159726385659e+00 0.000000000000000000e+00 0.000000000000000000e+00 0.000000000000000000e+00 0.000000000000000000e+00
0.000000000000000000e+00 6.840546529288687339e+00 7.211556733313801537e+00 0.000000000000000000e+00 0.000000000000000000e+00 0.000000000000000000e+00 0.000000000000000000e+00
0.000000000000000000e+00 7.436027816351848507e+00 5.703782474656200918e+00 0.000000000000000000e+00 0.000000000000000000e+00 0.000000000000000000e+00 0.000000000000000000e+00
0.000000000000000000e+00 7.745002803515839140e+00 4.174387269895636798e+00 0.000000000000000000e+00 0.000000000000000000e+00 0.000000000000000000e+00 0.000000000000000000e+00
0.000000000000000000e+00 7.172424577124845158e+00 6.475432716704090375e+00 0.000000000000000000e+00 0.000000000000000000e+00 0.000000000000000000e+00 0.000000000000000000e+00
0.000000000000000000e+00 7.109062135687172379e+00 6.405228458030841843e+00 0.000000000000000000e+00 0.000000000000000000e+00 0.000000000000000000e+00 0.000000000000000000e+00
0.000000000000000000e+00 6.814542897259958210e+00 7.227662498728654406e+00 0.000000000000000000e+00 0.000000000000000000e+00 0.000000000000000000e+00 0.000000000000000000e+00
0.000000000000000000e+00 6.890609120147166422e+00 6.976348070447748739e+00 0.000000000000000000e+00 0.000000000000000000e+00 0.000000000000000000e+00 0.000000000000000000e+00
0.000000000000000000e+00 7.454719949364000620e+00 5.552959584921617342e+00 0.000000000000000000e+00 0.000000000000000000e+00 0.000000000000000000e+00 0.000000000000000000e+00
0.000000000000000000e+00 6.566672429803240618e+00 7.426549072397304663e+00 1.098612288668109782e+00 0.000000000000000000e+00 0.000000000000000000e+00 0.000000000000000000e+00
0.000000000000000000e+00 7.550661243105335707e+00 5.129898714923073477e+00 0.000000000000000000e+00 0.000000000000000000e+00 0.000000000000000000e+00 0.000000000000000000e+00
0.000000000000000000e+00 6.913737350659684644e+00 6.999422467507961265e+00 0.000000000000000000e+00 0.000000000000000000e+00 0.000000000000000000e+00 0.000000000000000000e+00
0.000000000000000000e+00 7.499423290592228675e+00 5.308267697401205076e+00 0.000000000000000000e+00 0.000000000000000000e+00 0.000000000000000000e+00 0.000000000000000000e+00
0.000000000000000000e+00 7.762170607138204836e+00 4.234106504597259679e+00 0.000000000000000000e+00 0.000000000000000000e+00 0.000000000000000000e+00 0.000000000000000000e+00
0.000000000000000000e+00 7.559559496007699941e+00 5.105945473900580289e+00 0.000000000000000000e+00 0.000000000000000000e+00 0.000000000000000000e+00 0.000000000000000000e+00
0.000000000000000000e+00 7.158513997329320588e+00 6.129050210060545290e+00 0.000000000000000000e+00 0.000000000000000000e+00 0.000000000000000000e+00 0.000000000000000000e+00
0.000000000000000000e+00 6.917705609835304692e+00 6.894670039433481890e+00 0.000000000000000000e+00 0.000000000000000000e+00 0.000000000000000000e+00 0.000000000000000000e+00
0.000000000000000000e+00 7.808323050391055453e+00 4.007333185232471173e+00 0.000000000000000000e+00 0.000000000000000000e+00 0.000000000000000000e+00 0.000000000000000000e+00
0.000000000000000000e+00 7.112327444710911273e+00 6.487684018484610071e+00 0.000000000000000000e+00 0.000000000000000000e+00 0.000000000000000000e+00 0.000000000000000000e+00
0.000000000000000000e+00 7.177018765909900289e+00 6.380122536899764718e+00 0.000000000000000000e+00 0.000000000000000000e+00 0.000000000000000000e+00 0.000000000000000000e+00
0.000000000000000000e+00 7.336285660021297339e+00 5.638354669333745406e+00 0.000000000000000000e+00 0.000000000000000000e+00 0.000000000000000000e+00 0.000000000000000000e+00
0.000000000000000000e+00 5.826000107380449933e+00 8.435549202375726807e+00 1.098612288668109782e+00 0.000000000000000000e+00 0.000000000000000000e+00 0.000000000000000000e+00
0.000000000000000000e+00 5.389071729816500955e+00 8.822027322685583428e+00 3.663561646129646299e+00 0.000000000000000000e+00 0.000000000000000000e+00 0.000000000000000000e+00
0.000000000000000000e+00 5.568344503761096576e+00 8.678120855522520216e+00 3.178053830347945752e+00 0.000000000000000000e+00 0.000000000000000000e+00 0.000000000000000000e+00
0.000000000000000000e+00 4.934473933130691492e+00 8.981681639973862374e+00 3.713572066704307950e+00 0.000000000000000000e+00 0.000000000000000000e+00 0.000000000000000000e+00
0.000000000000000000e+00 5.135798437050262066e+00 8.981430225767635278e+00 3.850147601710058431e+00 0.000000000000000000e+00 0.000000000000000000e+00 0.000000000000000000e+00
0.000000000000000000e+00 4.927253685157205076e+00 8.979794490895210757e+00 4.499809670330265021e+00 0.000000000000000000e+00 0.000000000000000000e+00 0.000000000000000000e+00
0.000000000000000000e+00 4.976733742420574202e+00 8.995660899074103156e+00 3.761200115693562385e+00 0.000000000000000000e+00 0.000000000000000000e+00 0.000000000000000000e+00
0.000000000000000000e+00 5.513428746164982464e+00 8.686935966003332510e+00 3.258096538021482136e+00 0.000000000000000000e+00 0.000000000000000000e+00 0.000000000000000000e+00
0.000000000000000000e+00 5.690359454324060096e+00 8.485083137498003580e+00 1.945910149055313232e+00 0.000000000000000000e+00 0.000000000000000000e+00 0.000000000000000000e+00
0.000000000000000000e+00 5.676753802268281746e+00 8.448485993406446681e+00 6.931471805599452862e-01 0.000000000000000000e+00 0.000000000000000000e+00 0.000000000000000000e+00
0.000000000000000000e+00 4.875197323201151178e+00 9.001592700945705516e+00 4.077537443905719705e+00 0.000000000000000000e+00 0.000000000000000000e+00 0.000000000000000000e+00
0.000000000000000000e+00 4.753590191106364493e+00 8.992681750892542070e+00 4.543294782270003829e+00 0.000000000000000000e+00 0.000000000000000000e+00 0.000000000000000000e+00
0.000000000000000000e+00 5.347107530717468471e+00 8.829372735468405509e+00 3.044522437723423014e+00 0.000000000000000000e+00 0.000000000000000000e+00 0.000000000000000000e+00
0.000000000000000000e+00 5.272999558563746803e+00 8.811950177539980444e+00 3.951243718581427533e+00 0.000000000000000000e+00 0.000000000000000000e+00 0.000000000000000000e+00
0.000000000000000000e+00 4.897839799950911122e+00 8.984693690443855019e+00 4.574710978503382819e+00 0.000000000000000000e+00 0.000000000000000000e+00 0.000000000000000000e+00
0.000000000000000000e+00 5.003946305945459194e+00 8.962647947740560284e+00 2.995732273553990854e+00 0.000000000000000000e+00 0.000000000000000000e+00 0.000000000000000000e+00
0.000000000000000000e+00 5.568344503761096576e+00 8.644178203170726604e+00 1.945910149055313232e+00 0.000000000000000000e+00 0.000000000000000000e+00 0.000000000000000000e+00
0.000000000000000000e+00 4.897839799950911122e+00 8.967504187316237108e+00 4.356708826689591696e+00 0.000000000000000000e+00 0.000000000000000000e+00 0.000000000000000000e+00
0.000000000000000000e+00 5.003946305945459194e+00 8.945462952177665628e+00 3.912023005428145961e+00 0.000000000000000000e+00 0.000000000000000000e+00 0.000000000000000000e+00
0.000000000000000000e+00 5.010635294096255521e+00 8.982309899088578575e+00 4.454347296253507338e+00 0.000000000000000000e+00 0.000000000000000000e+00 0.000000000000000000e+00
0.000000000000000000e+00 5.209486152841421358e+00 8.881141619321468283e+00 3.367295829986474143e+00 0.000000000000000000e+00 0.000000000000000000e+00 0.000000000000000000e+00
0.000000000000000000e+00 5.455321115357701700e+00 8.722091302389097578e+00 2.833213344056216165e+00 0.000000000000000000e+00 0.000000000000000000e+00 0.000000000000000000e+00
0.000000000000000000e+00 4.691347882229143451e+00 8.962647947740560284e+00 4.430816798843313364e+00 0.000000000000000000e+00 0.000000000000000000e+00 0.000000000000000000e+00
0.000000000000000000e+00 5.252273428046629888e+00 8.873888135154972545e+00 3.663561646129646299e+00 0.000000000000000000e+00 0.000000000000000000e+00 0.000000000000000000e+00
0.000000000000000000e+00 5.181783550292085039e+00 8.880168247903450052e+00 3.713572066704307950e+00 0.000000000000000000e+00 0.000000000000000000e+00 0.000000000000000000e+00
0.000000000000000000e+00 4.143134726391532574e+00 9.318297513481274663e+00 4.905274778438429628e+00 0.000000000000000000e+00 0.000000000000000000e+00 0.000000000000000000e+00
0.000000000000000000e+00 3.637586159726385659e+00 9.406647013336799645e+00 6.104793232414984949e+00 1.791759469228054957e+00 0.000000000000000000e+00 0.000000000000000000e+00
0.000000000000000000e+00 4.060443010546419096e+00 9.370842268630211080e+00 5.662960480135946106e+00 0.000000000000000000e+00 0.000000000000000000e+00 0.000000000000000000e+00
0.000000000000000000e+00 4.077537443905719705e+00 9.394743094973961206e+00 4.927253685157205076e+00 0.000000000000000000e+00 0.000000000000000000e+00 0.000000000000000000e+00
0.000000000000000000e+00 3.610917912644224348e+00 9.403272107882152397e+00 5.955837369464830999e+00 0.000000000000000000e+00 0.000000000000000000e+00 0.000000000000000000e+00
0.000000000000000000e+00 3.663561646129646299e+00 9.418979237087510725e+00 5.796057750765371885e+00 0.000000000000000000e+00 0.000000000000000000e+00 0.000000000000000000e+00
0.000000000000000000e+00 4.219507705176106960e+00 9.212138753917562539e+00 5.204006687076795146e+00 0.000000000000000000e+00 0.000000000000000000e+00 0.000000000000000000e+00
0.000000000000000000e+00 3.951243718581427533e+00 9.368027647811777214e+00 5.337538079701317884e+00 6.931471805599452862e-01 0.000000000000000000e+00 0.000000000000000000e+00
0.000000000000000000e+00 4.007333185232471173e+00 9.310366686043307638e+00 5.831882477283516941e+00 1.098612288668109782e+00 0.000000000000000000e+00 0.000000000000000000e+00
0.000000000000000000e+00 4.442651256490316669e+00 9.214033543813799909e+00 5.370638028127662444e+00 0.000000000000000000e+00 0.000000000000000000e+00 0.000000000000000000e+00
0.000000000000000000e+00 4.406719247264253347e+00 9.191768986390746576e+00 4.997212273764114698e+00 0.000000000000000000e+00 0.000000000000000000e+00 0.000000000000000000e+00
0.000000000000000000e+00 3.951243718581427533e+00 9.268137470702399128e+00 5.407171771460118848e+00 0.000000000000000000e+00 0.000000000000000000e+00 0.000000000000000000e+00
0.000000000000000000e+00 3.784189633918261020e+00 9.398478314091576635e+00 5.327876168789581257e+00 0.000000000000000000e+00 0.000000000000000000e+00 0.000000000000000000e+00
0.000000000000000000e+00 4.127134385045091669e+00 9.212936997823447882e+00 4.905274778438429628e+00 0.000000000000000000e+00 0.000000000000000000e+00 0.000000000000000000e+00
0.000000000000000000e+00 4.595119850134589790e+00 9.189729418072058564e+00 4.510859506516849748e+00 0.000000000000000000e+00 0.000000000000000000e+00 0.000000000000000000e+00
0.000000000000000000e+00 4.204692619390965724e+00 9.239413619461890548e+00 5.537334267018536593e+00 1.098612288668109782e+00 0.000000000000000000e+00 0.000000000000000000e+00
0.000000000000000000e+00 3.433987204485146272e+00 9.427224373119248213e+00 6.255750041753366908e+00 1.386294361119890572e+00 0.000000000000000000e+00 0.000000000000000000e+00
0.000000000000000000e+00 3.784189633918261020e+00 9.379407813091720669e+00 6.326149473155099123e+00 2.197224577336219564e+00 0.000000000000000000e+00 0.000000000000000000e+00
0.000000000000000000e+00 3.931825632724325725e+00 9.304832035068899998e+00 5.620400865717149586e+00 0.000000000000000000e+00 0.000000000000000000e+00 0.000000000000000000e+00
0.000000000000000000e+00 4.532599493153256276e+00 9.172015257654514642e+00 5.459585514144158935e+00 0.000000000000000000e+00 0.000000000000000000e+00 0.000000000000000000e+00
0.000000000000000000e+00 3.850147601710058431e+00 9.245128197461847108e+00 5.755742213586912293e+00 0.000000000000000000e+00 0.000000000000000000e+00 0.000000000000000000e+00
0.000000000000000000e+00 3.401197381662155461e+00 9.397400683117311360e+00 6.068425588244110713e+00 0.000000000000000000e+00 0.000000000000000000e+00 0.000000000000000000e+00
0.000000000000000000e+00 3.583518938456109915e+00 9.381432446818587678e+00 5.921578419643815927e+00 0.000000000000000000e+00 0.000000000000000000e+00 0.000000000000000000e+00
0.000000000000000000e+00 3.610917912644224348e+00 9.441293350181874544e+00 5.308267697401205076e+00 0.000000000000000000e+00 0.000000000000000000e+00 0.000000000000000000e+00
0.000000000000000000e+00 3.737669618283368411e+00 9.467537463415244048e+00 5.398162701517752460e+00 0.000000000000000000e+00 0.000000000000000000e+00 0.000000000000000000e+00
