0.000000000000000000e+00 7.444248649496705283e+00 1.945910149055313232e+00 0.000000000000000000e+00 0.000000000000000000e+00 0.000000000000000000e+00 0.000000000000000000e+00
4.795790545596741339e+00 3.713572066704307950e+00 0.000000000000000000e+00 0.000000000000000000e+00 0.000000000000000000e+00 0.000000000000000000e+00 0.000000000000000000e+00
5.874930730852030436e+00 0.000000000000000000e+00 0.000000000000000000e+00 0.000000000000000000e+00 0.000000000000000000e+00 0.000000000000000000e+00 0.000000000000000000e+00
4.356708826689591696e+00 4.521788577049040470e+00 0.000000000000000000e+00 0.000000000000000000e+00 0.000000000000000000e+00 0.000000000000000000e+00 0.000000000000000000e+00
0.000000000000000000e+00 7.352441100243582994e+00 0.000000000000000000e+00 0.000000000000000000e+00 0.000000000000000000e+00 0.000000000000000000e+00 0.000000000000000000e+00
0.000000000000000000e+00 7.261927092702751274e+00 0.000000000000000000e+00 0.000000000000000000e+00 0.000000000000000000e+00 0.000000000000000000e+00 0.000000000000000000e+00
5.690359454324060096e+00 0.000000000000000000e+00 0.000000000000000000e+00 0.000000000000000000e+00 0.000000000000000000e+00 0.000000000000000000e+00 0.000000000000000000e+00
0.000000000000000000e+00 7.116394144093464824e+00 0.000000000000000000e+00 0.000000000000000000e+00 0.000000000000000000e+00 0.000000000000000000e+00 0.000000000000000000e+00
5.198497031265826074e+00 1.945910149055313232e+00 0.000000000000000000e+00 0.000000000000000000e+00 0.000000000000000000e+00 0.000000000000000000e+00 0.000000000000000000e+00
0.000000000000000000e+00 7.434847875211999302e+00 1.098612288668109782e+00 0.000000000000000000e+00 0.000000000000000000e+00 0.000000000000000000e+00 0.000000000000000000e+00
1.098612288668109782e+00 6.729824070489475396e+00 0.000000000000000000e+00 0.000000000000000000e+00 0.000000000000000000e+00 0.000000000000000000e+00 0.000000000000000000e+00
6.049733455231957713e+00 0.000000000000000000e+00 0.000000000000000000e+00 0.000000000000000000e+00 0.000000000000000000e+00 0.000000000000000000e+00 0.000000000000000000e+00
4.663439094112066918e+00 3.737669618283368411e+00 0.000000000000000000e+00 0.000000000000000000e+00 0.000000000000000000e+00 0.000000000000000000e+00 0.000000000000000000e+00
6.931471805599452862e-01 6.905753276311464184e+00 0.000000000000000000e+00 0.000000000000000000e+00 0.000000000000000000e+00 0.000000000000000000e+00 0.000000000000000000e+00
6.156978985585555009e+00 0.000000000000000000e+00 0.000000000000000000e+00 0.000000000000000000e+00 0.000000000000000000e+00 0.000000000000000000e+00 0.000000000000000000e+00
0.000000000000000000e+00 7.234898420314831213e+00 1.791759469228054957e+00 0.000000000000000000e+00 0.000000000000000000e+00 0.000000000000000000e+00 0.000000000000000000e+00
4.043051267834550266e+00 4.859812404361671945e+00 0.000000000000000000e+00 0.000000000000000000e+00 0.000000000000000000e+00 0.000000000000000000e+00 0.000000000000000000e+00
0.000000000000000000e+00 7.415175109613294957e+00 1.945910149055313232e+00 0.000000000000000000e+00 0.000000000000000000e+00 0.000000000000000000e+00 0.000000000000000000e+00
5.283203728737988492e+00 2.079441541679835748e+00 0.000000000000000000e+00 0.000000000000000000e+00 0.000000000000000000e+00 0.000000000000000000e+00 0.000000000000000000e+00
6.115892125483034292e+00 0.000000000000000000e+00 0.000000000000000000e+00 0.000000000000000000e+00 0.000000000000000000e+00 0.000000000000000000e+00 0.000000000000000000e+00
6.931471805599452862e-01 7.261225091971921231e+00 0.000000000000000000e+00 0.000000000000000000e+00 0.000000000000000000e+00 0.000000000000000000e+00 0.000000000000000000e+00
5.283203728737988492e+00 0.000000000000000000e+00 0.000000000000000000e+00 0.000000000000000000e+00 0.000000000000000000e+00 0.000000000000000000e+00 0.000000000000000000e+00
0.000000000000000000e+00 7.025538314638520632e+00 0.000000000000000000e+00 0.000000000000000000e+00 0.000000000000000000e+00 0.000000000000000000e+00 0.000000000000000000e+00
2.079441541679835748e+00 5.976350909297933889e+00 0.000000000000000000e+00 0.000000000000000000e+00 0.000000000000000000e+00 0.000000000000000000e+00 0.000000000000000000e+00
6.931471805599452862e-01 6.830874234646179488e+00 0.000000000000000000e+00 0.000000000000000000e+00 0.000000000000000000e+00 0.000000000000000000e+00 0.000000000000000000e+00
0.000000000000000000e+00 7.684783943522784710e+00 6.469250316795772449e+00 0.000000000000000000e+00 0.000000000000000000e+00 0.000000000000000000e+00 0.000000000000000000e+00
0.000000000000000000e+00 7.823645930834952189e+00 4.969813299576000709e+00 0.000000000000000000e+00 0.000000000000000000e+00 0.000000000000000000e+00 0.000000000000000000e+00
0.000000000000000000e+00 7.594381242551817124e+00 6.901737206656574308e+00 0.000000000000000000e+00 0.000000000000000000e+00 0.000000000000000000e+00 0.000000000000000000e+00
0.000000000000000000e+00 7.542743545368550073e+00 7.070724107260276448e+00 0.000000000000000000e+00 0.000000000000000000e+00 0.000000000000000000e+00 0.000000000000000000e+00
0.000000000000000000e+00 7.723562472277969881e+00 6.202535517187922842e+00 0.000000000000000000e+00 0.000000000000000000e+00 0.000000000000000000e+00 0.000000000000000000e+00
0.000000000000000000e+00 7.703910209616311455e+00 6.040254711277413868e+00 0.000000000000000000e+00 0.000000000000000000e+00 0.000000000000000000e+00 0.000000000000000000e+00
0.000000000000000000e+00 7.726212650507529034e+00 5.971261839790462211e+00 0.000000000000000000e+00 0.000000000000000000e+00 0.000000000000000000e+00 0.000000000000000000e+00
0.000000000000000000e+00 7.817625443053369594e+00 5.123963979403258762e+00 0.000000000000000000e+00 0.000000000000000000e+00 0.000000000000000000e+00 0.000000000000000000e+00
0.000000000000000000e+00 7.750614732770409354e+00 5.978885764901122002e+00 0.000000000000000000e+00 0.000000000000000000e+00 0.000000000000000000e+00 0.000000000000000000e+00
0.000000000000000000e+00 7.691656822810546856e+00 6.309918278226516186e+00 0.000000000000000000e+00 0.000000000000000000e+00 0.000000000000000000e+00 0.000000000000000000e+00
0.000000000000000000e+00 7.596392304064195855e+00 6.859614903654201790e+00 0.000000000000000000e+00 0.000000000000000000e+00 0.000000000000000000e+00 0.000000000000000000e+00
0.000000000000000000e+00 7.847762537473608191e+00 4.997212273764114698e+00 0.000000000000000000e+00 0.000000000000000000e+00 0.000000000000000000e+00 0.000000000000000000e+00
0.000000000000000000e+00 7.609862200913553920e+00 6.647688373563329201e+00 0.000000000000000000e+00 0.000000000000000000e+00 0.000000000000000000e+00 0.000000000000000000e+00
0.000000000000000000e+00 7.729735331385050756e+00 6.210600077024652776e+00 0.000000000000000000e+00 0.000000000000000000e+00 0.000000000000000000e+00 0.000000000000000000e+00
0.000000000000000000e+00 7.494430215031565368e+00 7.302496423727325769e+00 0.000000000000000000e+00 0.000000000000000000e+00 0.000000000000000000e+00 0.000000000000000000e+00
0.000000000000000000e+00 7.635303886259414696e+00 6.814542897259958210e+00 0.000000000000000000e+00 0.000000000000000000e+00 0.000000000000000000e+00 0.000000000000000000e+00
0.000000000000000000e+00 7.768533300926033114e+00 5.777652323222656428e+00 0.000000000000000000e+00 0.000000000000000000e+00 0.000000000000000000e+00 0.000000000000000000e+00
0.000000000000000000e+00 7.694392802629421269e+00 6.467698726104353923e+00 0.000000000000000000e+00 0.000000000000000000e+00 0.000000000000000000e+00 0.000000000000000000e+00
0.000000000000000000e+00 7.561641745588779884e+00 6.831953565565854980e+00 0.000000000000000000e+00 0.000000000000000000e+00 0.000000000000000000e+00 0.000000000000000000e+00
0.000000000000000000e+00 7.536363938404511131e+00 7.141245122350491137e+00 0.000000000000000000e+00 0.000000000000000000e+00 0.000000000000000000e+00 0.000000000000000000e+00
0.000000000000000000e+00 7.795646536334594146e+00 5.961005339623273613e+00 0.000000000000000000e+00 0.000000000000000000e+00 0.000000000000000000e+00 0.000000000000000000e+00
0.000000000000000000e+00 7.824445930877619304e+00 4.744932128363250179e+00 0.000000000000000000e+00 0.000000000000000000e+00 0.000000000000000000e+00 0.000000000000000000e+00
0.000000000000000000e+00 7.570958583169010048e+00 7.060476365999800663e+00 0.000000000000000000e+00 0.000000000000000000e+00 0.000000000000000000e+00 0.000000000000000000e+00
0.000000000000000000e+00 7.559038255443383925e+00 7.118016204465333452e+00 0.000000000000000000e+00 0.000000000000000000e+00 0.000000000000000000e+00 0.000000000000000000e+00
0.000000000000000000e+00 7.610852790395250089e+00 6.788971742992170100e+00 0.000000000000000000e+00 0.000000000000000000e+00 0.000000000000000000e+00 0.000000000000000000e+00
0.000000000000000000e+00 4.828313737302301512e+00 9.650528916142732783e+00 3.784189633918261020e+00 0.000000000000000000e+00 0.000000000000000000e+00 0.000000000000000000e+00
0.000000000000000000e+00 5.231108616854586835e+00 9.547098282074555797e+00 3.555348061489413514e+00 0.000000000000000000e+00 0.000000000000000000e+00 0.000000000000000000e+00
0.000000000000000000e+00 5.278114659230516814e+00 9.491979220880677914e+00 3.496507561466480229e+00 0.000000000000000000e+00 0.000000000000000000e+00 0.000000000000000000e+00
0.000000000000000000e+00 4.330733340286331057e+00 9.802229720461900442e+00 4.779123493111529619e+00 0.000000000000000000e+00 0.000000000000000000e+00 0.000000000000000000e+00
0.000000000000000000e+00 4.553876891600540766e+00 9.723104116372432770e+00 4.007333185232471173e+00 0.000000000000000000e+00 0.000000000000000000e+00 0.000000000000000000e+00
0.000000000000000000e+00 4.510859506516849748e+00 9.729848196125006510e+00 4.488636369732139642e+00 0.000000000000000000e+00 0.000000000000000000e+00 0.000000000000000000e+00
0.000000000000000000e+00 5.081404364984463129e+00 9.579901925737992485e+00 3.912023005428145961e+00 0.000000000000000000e+00 0.000000000000000000e+00 0.000000000000000000e+00
0.000000000000000000e+00 4.043051267834550266e+00 9.818528613308936670e+00 4.804021044733256751e+00 0.000000000000000000e+00 0.000000000000000000e+00 0.000000000000000000e+00
0.000000000000000000e+00 3.784189633918261020e+00 9.906034306802704137e+00 5.267858159063328216e+00 0.000000000000000000e+00 0.000000000000000000e+00 0.000000000000000000e+00
0.000000000000000000e+00 3.637586159726385659e+00 9.925151192172155135e+00 5.393627546352361968e+00 0.000000000000000000e+00 0.000000000000000000e+00 0.000000000000000000e+00
0.000000000000000000e+00 4.976733742420574202e+00 9.593150789519540922e+00 3.688879454113936252e+00 0.000000000000000000e+00 0.000000000000000000e+00 0.000000000000000000e+00
0.000000000000000000e+00 4.406719247264253347e+00 9.783126195864944918e+00 4.430816798843313364e+00 0.000000000000000000e+00 0.000000000000000000e+00 0.000000000000000000e+00
0.000000000000000000e+00 2.639057329615258407e+00 1.000829791688847337e+01 6.013715156042802157e+00 0.000000000000000000e+00 0.000000000000000000e+00 0.000000000000000000e+00
0.000000000000000000e+00 4.477336814478206861e+00 9.779114097696371743e+00 4.477336814478206861e+00 0.000000000000000000e+00 0.000000000000000000e+00 0.000000000000000000e+00
0.000000000000000000e+00 4.867534450455582196e+00 9.652201695275637761e+00 4.060443010546419096e+00 0.000000000000000000e+00 0.000000000000000000e+00 0.000000000000000000e+00
0.000000000000000000e+00 5.209486152841421358e+00 9.571783927990017204e+00 3.044522437723423014e+00 0.000000000000000000e+00 0.000000000000000000e+00 0.000000000000000000e+00
0.000000000000000000e+00 2.639057329615258407e+00 1.002862128329289426e+01 5.908082938168931264e+00 0.000000000000000000e+00 0.000000000000000000e+00 0.000000000000000000e+00
0.000000000000000000e+00 5.648974238161206252e+00 9.339612707680322146e+00 2.639057329615258407e+00 0.000000000000000000e+00 0.000000000000000000e+00 0.000000000000000000e+00
0.000000000000000000e+00 5.204006687076795146e+00 9.573037148233408900e+00 3.526360524616161563e+00 0.000000000000000000e+00 0.000000000000000000e+00 0.000000000000000000e+00
0.000000000000000000e+00 5.170483995038151370e+00 9.560151815893512151e+00 3.688879454113936252e+00 0.000000000000000000e+00 0.000000000000000000e+00 0.000000000000000000e+00
0.000000000000000000e+00 3.912023005428145961e+00 9.852930828918974981e+00 5.176149732573828821e+00 0.000000000000000000e+00 0.000000000000000000e+00 0.000000000000000000e+00
0.000000000000000000e+00 4.962844630259906964e+00 9.618202604684068291e+00 3.610917912644224348e+00 0.000000000000000000e+00 0.000000000000000000e+00 0.000000000000000000e+00
0.000000000000000000e+00 5.017279836814924288e+00 9.580040123637605376e+00 3.258096538021482136e+00 0.000000000000000000e+00 0.000000000000000000e+00 0.000000000000000000e+00
0.000000000000000000e+00 2.833213344056216165e+00 9.989848718184171972e+00 6.246106765481562739e+00 0.000000000000000000e+00 0.000000000000000000e+00 0.000000000000000000e+00
0.000000000000000000e+00 2.890371757896164517e+00 9.991773117403488058e+00 6.023447592961033159e+00 0.000000000000000000e+00 0.000000000000000000e+00 0.000000000000000000e+00
0.000000000000000000e+00 0.000000000000000000e+00 9.964723752006701574e+00 9.746599796998983933e+00 3.332204510175203804e+00 0.000000000000000000e+00 0.000000000000000000e+00
0.000000000000000000e+00 0.000000000000000000e+00 9.986725151106183418e+00 9.564231444538298987e+00 2.484906649788000355e+00 0.000000000000000000e+00 0.000000000000000000e+00
0.000000000000000000e+00 0.000000000000000000e+00 9.920098818341324787e+00 9.981651573505482489e+00 2.397895272798370669e+00 0.000000000000000000e+00 0.000000000000000000e+00
0.000000000000000000e+00 0.000000000000000000e+00 9.961756460660103230e+00 9.720165495408590317e+00 1.386294361119890572e+00 0.000000000000000000e+00 0.000000000000000000e+00
0.000000000000000000e+00 0.000000000000000000e+00 1.007204819408004504e+01 8.966228514225775825e+00 0.000000000000000000e+00 0.000000000000000000e+00 0.000000000000000000e+00
0.000000000000000000e+00 0.000000000000000000e+00 9.908425341565751054e+00 1.004055020292446798e+01 3.332204510175203804e+00 0.000000000000000000e+00 0.000000000000000000e+00
0.000000000000000000e+00 0.000000000000000000e+00 1.003950335645357050e+01 9.245997049184216721e+00 0.000000000000000000e+00 0.000000000000000000e+00 0.000000000000000000e+00
0.000000000000000000e+00 0.000000000000000000e+00 1.003179281268905143e+01 9.243968552956166818e+00 1.386294361119890572e+00 0.000000000000000000e+00 0.000000000000000000e+00
0.000000000000000000e+00 0.000000000000000000e+00 9.909022208034603096e+00 9.951181878398790204e+00 2.484906649788000355e+00 0.000000000000000000e+00 0.000000000000000000e+00
0.000000000000000000e+00 0.000000000000000000e+00 1.007369435446697814e+01 9.154510487015512510e+00 2.079441541679835748e+00 0.000000000000000000e+00 0.000000000000000000e+00
0.000000000000000000e+00 0.000000000000000000e+00 9.952896572793671126e+00 9.802229720461900442e+00 2.944438979166440262e+00 0.000000000000000000e+00 0.000000000000000000e+00
0.000000000000000000e+00 0.000000000000000000e+00 1.004450957024801561e+01 9.118444357271645373e+00 2.484906649788000355e+00 0.000000000000000000e+00 0.000000000000000000e+00
0.000000000000000000e+00 0.000000000000000000e+00 9.964535614101061256e+00 9.708749225727084209e+00 3.367295829986474143e+00 0.000000000000000000e+00 0.000000000000000000e+00
0.000000000000000000e+00 0.000000000000000000e+00 9.991635783062820408e+00 9.723104116372432770e+00 3.178053830347945752e+00 0.000000000000000000e+00 0.000000000000000000e+00
0.000000000000000000e+00 0.000000000000000000e+00 9.896311868787032395e+00 1.001917951453220113e+01 3.135494215929149675e+00 0.000000000000000000e+00 0.000000000000000000e+00
0.000000000000000000e+00 0.000000000000000000e+00 9.948413115889120917e+00 9.747301469346799863e+00 1.386294361119890572e+00 0.000000000000000000e+00 0.000000000000000000e+00
0.000000000000000000e+00 0.000000000000000000e+00 1.003692519076584411e+01 9.379661116592885151e+00 1.609437912434100282e+00 0.000000000000000000e+00 0.000000000000000000e+00
0.000000000000000000e+00 0.000000000000000000e+00 1.000002425258415784e+01 9.528575897471419864e+00 0.000000000000000000e+00 0.000000000000000000e+00 0.000000000000000000e+00
0.000000000000000000e+00 0.000000000000000000e+00 9.967025573340116296e+00 9.790150867197125351e+00 3.135494215929149675e+00 0.000000000000000000e+00 0.000000000000000000e+00
0.000000000000000000e+00 0.000000000000000000e+00 9.897117305528285058e+00 1.005997834929556056e+01 4.276666119016055312e+00 0.000000000000000000e+00 0.000000000000000000e+00
0.000000000000000000e+00 0.000000000000000000e+00 1.003249623309966232e+01 9.242904362849445832e+00 2.639057329615258407e+00 0.000000000000000000e+00 0.000000000000000000e+00
0.000000000000000000e+00 0.000000000000000000e+00 9.917390457705119289e+00 9.943044747534582228e+00 3.367295829986474143e+00 0.000000000000000000e+00 0.000000000000000000e+00
0.000000000000000000e+00 0.000000000000000000e+00 9.997068966157659275e+00 9.558670595379350488e+00 2.397895272798370669e+00 0.000000000000000000e+00 0.000000000000000000e+00
0.000000000000000000e+00 0.000000000000000000e+00 9.965146932922856138e+00 9.686201810706078774e+00 1.609437912434100282e+00 0.000000000000000000e+00 0.000000000000000000e+00
0.000000000000000000e+00 0.000000000000000000e+00 1.005013875286182135e+01 9.303648549109833965e+00 1.098612288668109782e+00 0.000000000000000000e+00 0.000000000000000000e+00
5.983936280687190745e+00 0.000000000000000000e+00 0.000000000000000000e+00 0.000000000000000000e+00 0.000000000000000000e+00 0.000000000000000000e+00 0.000000000000000000e+00
5.913503005638269805e+00 0.000000000000000000e+00 0.000000000000000000e+00 0.000000000000000000e+00 0.000000000000000000e+00 0.000000000000000000e+00 0.000000000000000000e+00
5.996452088619021126e+00 0.000000000000000000e+00 0.000000000000000000e+00 0.000000000000000000e+00 0.000000000000000000e+00 0.000000000000000000e+00 0.000000000000000000e+00
6.184148890937483323e+00 0.000000000000000000e+00 0.000000000000000000e+00 0.000000000000000000e+00 0.000000000000000000e+00 0.000000000000000000e+00 0.000000000000000000e+00
6.152732694704104333e+00 0.000000000000000000e+00 0.000000000000000000e+00 0.000000000000000000e+00 0.000000000000000000e+00 0.000000000000000000e+00 0.000000000000000000e+00
6.208590026096628911e+00 0.000000000000000000e+00 0.000000000000000000e+00 0.000000000000000000e+00 0.000000000000000000e+00 0.000000000000000000e+00 0.000000000000000000e+00
6.202535517187922842e+00 0.000000000000000000e+00 0.000000000000000000e+00 0.000000000000000000e+00 0.000000000000000000e+00 0.000000000000000000e+00 0.000000000000000000e+00
6.190315405853147546e+00 0.000000000000000000e+00 0.000000000000000000e+00 0.000000000000000000e+00 0.000000000000000000e+00 0.000000000000000000e+00 0.000000000000000000e+00
6.037870919922137425e+00 6.931471805599452862e-01 6.931471805599452862e-01 0.000000000000000000e+00 0.000000000000000000e+00 0.000000000000000000e+00 0.000000000000000000e+00
6.200509174042689864e+00 0.000000000000000000e+00 0.000000000000000000e+00 0.000000000000000000e+00 0.000000000000000000e+00 0.000000000000000000e+00 0.000000000000000000e+00
6.161207321695076899e+00 0.000000000000000000e+00 0.000000000000000000e+00 0.000000000000000000e+00 0.000000000000000000e+00 0.000000000000000000e+00 0.000000000000000000e+00
6.135564891081738637e+00 6.931471805599452862e-01 0.000000000000000000e+00 0.000000000000000000e+00 0.000000000000000000e+00 0.000000000000000000e+00 0.000000000000000000e+00
6.111467339502678620e+00 0.000000000000000000e+00 0.000000000000000000e+00 0.000000000000000000e+00 0.000000000000000000e+00 0.000000000000000000e+00 0.000000000000000000e+00
6.154858094016417702e+00 0.000000000000000000e+00 0.000000000000000000e+00 0.000000000000000000e+00 0.000000000000000000e+00 0.000000000000000000e+00 0.000000000000000000e+00
6.135564891081738637e+00 0.000000000000000000e+00 0.000000000000000000e+00 0.000000000000000000e+00 0.000000000000000000e+00 0.000000000000000000e+00 0.000000000000000000e+00
6.120297418950950252e+00 0.000000000000000000e+00 0.000000000000000000e+00 0.000000000000000000e+00 0.000000000000000000e+00 0.000000000000000000e+00 0.000000000000000000e+00
6.184148890937483323e+00 0.000000000000000000e+00 0.000000000000000000e+00 0.000000000000000000e+00 0.000000000000000000e+00 0.000000000000000000e+00 0.000000000000000000e+00
5.961005339623273613e+00 0.000000000000000000e+00 0.000000000000000000e+00 0.000000000000000000e+00 0.000000000000000000e+00 0.000000000000000000e+00 0.000000000000000000e+00
6.111467339502678620e+00 0.000000000000000000e+00 0.000000000000000000e+00 0.000000000000000000e+00 0.000000000000000000e+00 0.000000000000000000e+00 0.000000000000000000e+00
6.198478716492307861e+00 0.000000000000000000e+00 0.000000000000000000e+00 0.000000000000000000e+00 0.000000000000000000e+00 0.000000000000000000e+00 0.000000000000000000e+00
6.124683390894205104e+00 0.000000000000000000e+00 0.000000000000000000e+00 0.000000000000000000e+00 0.000000000000000000e+00 0.000000000000000000e+00 0.000000000000000000e+00
6.206575926724927861e+00 0.000000000000000000e+00 0.000000000000000000e+00 0.000000000000000000e+00 0.000000000000000000e+00 0.000000000000000000e+00 0.000000000000000000e+00
6.156978985585555009e+00 0.000000000000000000e+00 0.000000000000000000e+00 0.000000000000000000e+00 0.000000000000000000e+00 0.000000000000000000e+00 0.000000000000000000e+00
6.208590026096628911e+00 0.000000000000000000e+00 0.000000000000000000e+00 0.000000000000000000e+00 0.000000000000000000e+00 0.000000000000000000e+00 0.000000000000000000e+00
5.948034989180645660e+00 1.386294361119890572e+00 0.000000000000000000e+00 0.000000000000000000e+00 0.000000000000000000e+00 0.000000000000000000e+00 0.000000000000000000e+00
3.931825632724325725e+00 3.583518938456109915e+00 4.330733340286331057e+00 0.000000000000000000e+00 0.000000000000000000e+00 0.000000000000000000e+00 0.000000000000000000e+00
4.219507705176106960e+00 3.178053830347945752e+00 4.304065093204170189e+00 0.000000000000000000e+00 0.000000000000000000e+00 0.000000000000000000e+00 0.000000000000000000e+00
4.454347296253507338e+00 3.332204510175203804e+00 3.555348061489413514e+00 0.000000000000000000e+00 0.000000000000000000e+00 0.000000000000000000e+00 0.000000000000000000e+00
4.158883083359671495e+00 3.218875824868200564e+00 4.094344562222100414e+00 0.000000000000000000e+00 0.000000000000000000e+00 0.000000000000000000e+00 0.000000000000000000e+00
4.043051267834550266e+00 3.583518938456109915e+00 4.382026634673881205e+00 0.000000000000000000e+00 0.000000000000000000e+00 0.000000000000000000e+00 0.000000000000000000e+00
4.094344562222100414e+00 3.496507561466480229e+00 3.555348061489413514e+00 0.000000000000000000e+00 0.000000000000000000e+00 0.000000000000000000e+00 0.000000000000000000e+00
4.634728988229635860e+00 3.218875824868200564e+00 3.951243718581427533e+00 0.000000000000000000e+00 0.000000000000000000e+00 0.000000000000000000e+00 0.000000000000000000e+00
4.727387818712340817e+00 2.708050201102210064e+00 4.248495242049359355e+00 0.000000000000000000e+00 0.000000000000000000e+00 0.000000000000000000e+00 0.000000000000000000e+00
3.912023005428145961e+00 3.401197381662155461e+00 4.304065093204170189e+00 0.000000000000000000e+00 0.000000000000000000e+00 0.000000000000000000e+00 0.000000000000000000e+00
4.477336814478206861e+00 3.433987204485146272e+00 4.304065093204170189e+00 1.098612288668109782e+00 0.000000000000000000e+00 0.000000000000000000e+00 0.000000000000000000e+00
3.912023005428145961e+00 3.583518938456109915e+00 4.110873864173311354e+00 0.000000000000000000e+00 0.000000000000000000e+00 0.000000000000000000e+00 0.000000000000000000e+00
4.219507705176106960e+00 3.178053830347945752e+00 4.343805421853684123e+00 2.708050201102210064e+00 0.000000000000000000e+00 0.000000000000000000e+00 0.000000000000000000e+00
3.806662489770319624e+00 3.610917912644224348e+00 4.110873864173311354e+00 0.000000000000000000e+00 0.000000000000000000e+00 0.000000000000000000e+00 0.000000000000000000e+00
4.488636369732139642e+00 3.367295829986474143e+00 3.951243718581427533e+00 6.931471805599452862e-01 0.000000000000000000e+00 0.000000000000000000e+00 0.000000000000000000e+00
4.564348191467836102e+00 3.295836866004329124e+00 3.713572066704307950e+00 0.000000000000000000e+00 0.000000000000000000e+00 0.000000000000000000e+00 0.000000000000000000e+00
4.663439094112066918e+00 3.295836866004329124e+00 3.828641396489095072e+00 0.000000000000000000e+00 0.000000000000000000e+00 0.000000000000000000e+00 0.000000000000000000e+00
4.718498871295094155e+00 2.890371757896164517e+00 3.784189633918261020e+00 0.000000000000000000e+00 0.000000000000000000e+00 0.000000000000000000e+00 0.000000000000000000e+00
3.891820298110626464e+00 3.178053830347945752e+00 4.290459441148390951e+00 0.000000000000000000e+00 0.000000000000000000e+00 0.000000000000000000e+00 0.000000000000000000e+00
3.784189633918261020e+00 3.465735902799726542e+00 4.143134726391532574e+00 0.000000000000000000e+00 0.000000000000000000e+00 0.000000000000000000e+00 0.000000000000000000e+00
4.779123493111529619e+00 3.178053830347945752e+00 3.367295829986474143e+00 0.000000000000000000e+00 0.000000000000000000e+00 0.000000000000000000e+00 0.000000000000000000e+00
4.007333185232471173e+00 3.401197381662155461e+00 4.343805421853684123e+00 6.931471805599452862e-01 0.000000000000000000e+00 0.000000000000000000e+00 0.000000000000000000e+00
4.499809670330265021e+00 3.555348061489413514e+00 3.784189633918261020e+00 0.000000000000000000e+00 0.000000000000000000e+00 0.000000000000000000e+00 0.000000000000000000e+00
4.787491742782045812e+00 3.044522437723423014e+00 3.761200115693562385e+00 0.000000000000000000e+00 0.000000000000000000e+00 0.000000000000000000e+00 0.000000000000000000e+00
4.077537443905719705e+00 3.295836866004329124e+00 4.143134726391532574e+00 0.000000000000000000e+00 0.000000000000000000e+00 0.000000000000000000e+00 0.000000000000000000e+00
3.891820298110626464e+00 3.526360524616161563e+00 4.276666119016055312e+00 0.000000000000000000e+00 0.000000000000000000e+00 0.000000000000000000e+00 0.000000000000000000e+00
0.000000000000000000e+00 2.944438979166440262e+00 5.442417710521793239e+00 4.919980925828125073e+00 1.098612288668109782e+00 0.000000000000000000e+00 0.000000000000000000e+00
0.000000000000000000e+00 0.000000000000000000e+00 4.787491742782045812e+00 6.246106765481562739e+00 5.726847747587196835e+00 3.091042453358316067e+00 0.000000000000000000e+00
0.000000000000000000e+00 2.564949357461536739e+00 5.351858133476066648e+00 5.141663556502660271e+00 3.713572066704307950e+00 0.000000000000000000e+00 0.000000000000000000e+00
0.000000000000000000e+00 1.791759469228054957e+00 5.375278407684165316e+00 5.860786223465865419e+00 3.871201010907891149e+00 0.000000000000000000e+00 0.000000000000000000e+00
0.000000000000000000e+00 2.302585092994045901e+00 5.356586274672012316e+00 5.517452896464707379e+00 4.406719247264253347e+00 0.000000000000000000e+00 0.000000000000000000e+00
0.000000000000000000e+00 2.197224577336219564e+00 5.488937726156686736e+00 5.710427017374869685e+00 4.189654742026425183e+00 2.397895272798370669e+00 0.000000000000000000e+00
0.000000000000000000e+00 6.931471805599452862e-01 4.955827057601260854e+00 6.182084906716632133e+00 5.926926025970410628e+00 4.653960350157523074e+00 1.098612288668109782e+00
0.000000000000000000e+00 2.639057329615258407e+00 5.509388336627977445e+00 4.983606621708336348e+00 3.218875824868200564e+00 0.000000000000000000e+00 0.000000000000000000e+00
0.000000000000000000e+00 3.295836866004329124e+00 5.402677381872279305e+00 4.770684624465665102e+00 2.772588722239781145e+00 0.000000000000000000e+00 0.000000000000000000e+00
0.000000000000000000e+00 2.484906649788000355e+00 5.342334251964810932e+00 5.257495372027781499e+00 2.397895272798370669e+00 0.000000000000000000e+00 0.000000000000000000e+00
0.000000000000000000e+00 2.397895272798370669e+00 5.438079308923195576e+00 5.187385805840754927e+00 3.828641396489095072e+00 0.000000000000000000e+00 0.000000000000000000e+00
0.000000000000000000e+00 2.890371757896164517e+00 5.247024072160486163e+00 4.605170185988091802e+00 3.663561646129646299e+00 6.931471805599452862e-01 0.000000000000000000e+00
0.000000000000000000e+00 1.386294361119890572e+00 5.407171771460118848e+00 5.648974238161206252e+00 5.036952602413629521e+00 1.791759469228054957e+00 0.000000000000000000e+00
0.000000000000000000e+00 3.135494215929149675e+00 5.323009979138408454e+00 4.934473933130691492e+00 2.397895272798370669e+00 0.000000000000000000e+00 0.000000000000000000e+00
0.000000000000000000e+00 3.044522437723423014e+00 5.323009979138408454e+00 4.927253685157205076e+00 0.000000000000000000e+00 0.000000000000000000e+00 0.000000000000000000e+00
1.098612288668109782e+00 2.772588722239781145e+00 5.451038453565700159e+00 5.198497031265826074e+00 3.970291913552121965e+00 0.000000000000000000e+00 0.000000000000000000e+00
0.000000000000000000e+00 2.833213344056216165e+00 5.198497031265826074e+00 5.783825182329737302e+00 4.234106504597259679e+00 1.098612288668109782e+00 0.000000000000000000e+00
6.931471805599452862e-01 3.332204510175203804e+00 5.416100402204420128e+00 4.812184355372417066e+00 2.995732273553990854e+00 0.000000000000000000e+00 0.000000000000000000e+00
0.000000000000000000e+00 3.044522437723423014e+00 5.257495372027781499e+00 5.225746673713201673e+00 3.761200115693562385e+00 6.931471805599452862e-01 0.000000000000000000e+00
0.000000000000000000e+00 2.708050201102210064e+00 5.278114659230516814e+00 5.288267030694535187e+00 4.406719247264253347e+00 6.931471805599452862e-01 0.000000000000000000e+00
0.000000000000000000e+00 1.098612288668109782e+00 4.804021044733256751e+00 6.206575926724927861e+00 5.662960480135946106e+00 3.218875824868200564e+00 0.000000000000000000e+00
6.931471805599452862e-01 3.583518938456109915e+00 5.484796933490654780e+00 5.056245805348307698e+00 1.945910149055313232e+00 0.000000000000000000e+00 0.000000000000000000e+00
0.000000000000000000e+00 6.931471805599452862e-01 5.272999558563746803e+00 6.084499413075171503e+00 4.948759890378168436e+00 1.791759469228054957e+00 0.000000000000000000e+00
6.931471805599452862e-01 3.044522437723423014e+00 5.241747015059642578e+00 5.298317366548036311e+00 2.397895272798370669e+00 0.000000000000000000e+00 0.000000000000000000e+00
0.000000000000000000e+00 2.484906649788000355e+00 5.501258210544727412e+00 5.153291594497779293e+00 3.218875824868200564e+00 0.000000000000000000e+00 0.000000000000000000e+00
0.000000000000000000e+00 0.000000000000000000e+00 1.791759469228054957e+00 5.953243334287784627e+00 7.833996341709459799e+00 7.978996370854114950e+00 6.190315405853147546e+00
0.000000000000000000e+00 0.000000000000000000e+00 2.995732273553990854e+00 6.295266001439646431e+00 7.829232537543592052e+00 7.702104340051049824e+00 6.126869184114185352e+00
0.000000000000000000e+00 0.000000000000000000e+00 3.295836866004329124e+00 6.359573868672377728e+00 7.800982071257740458e+00 7.377758908227872503e+00 4.804021044733256751e+00
0.000000000000000000e+00 0.000000000000000000e+00 2.772588722239781145e+00 6.579251212010101213e+00 7.738052297689315573e+00 7.230563153409292454e+00 4.369447852467021498e+00
0.000000000000000000e+00 0.000000000000000000e+00 3.044522437723423014e+00 6.265301212737710124e+00 7.729295674310481701e+00 7.350516171833998413e+00 5.129898714923073477e+00
0.000000000000000000e+00 0.000000000000000000e+00 3.178053830347945752e+00 6.415096959171595614e+00 7.689371107529690441e+00 7.377133712833954249e+00 4.912654885736052357e+00
0.000000000000000000e+00 0.000000000000000000e+00 1.791759469228054957e+00 6.075346031088684207e+00 8.118207049405782527e+00 8.114922974204592521e+00 6.660575149839686127e+00
0.000000000000000000e+00 0.000000000000000000e+00 2.397895272798370669e+00 6.186208623900493642e+00 7.929486523314289492e+00 8.178638788590699704e+00 6.630683385642371697e+00
0.000000000000000000e+00 0.000000000000000000e+00 2.639057329615258407e+00 6.208590026096628911e+00 7.934513463882263196e+00 8.146998697389992827e+00 6.752270376141741970e+00
0.000000000000000000e+00 0.000000000000000000e+00 1.609437912434100282e+00 6.122492809514386458e+00 7.940227765145701611e+00 7.804659297056102396e+00 5.849324779946859287e+00
0.000000000000000000e+00 0.000000000000000000e+00 3.663561646129646299e+00 6.298949246855942263e+00 7.548028969935014487e+00 7.237778191923442961e+00 5.247024072160486163e+00
0.000000000000000000e+00 0.000000000000000000e+00 2.079441541679835748e+00 5.860786223465865419e+00 7.831220214604292629e+00 8.402679804627476656e+00 7.282761179605593327e+00
0.000000000000000000e+00 0.000000000000000000e+00 2.397895272798370669e+00 6.470799503782601825e+00 7.681099001536359161e+00 7.153833801578842966e+00 4.543294782270003829e+00
0.000000000000000000e+00 0.000000000000000000e+00 2.197224577336219564e+00 6.295266001439646431e+00 7.962067308753666417e+00 7.752764808851328127e+00 5.676753802268281746e+00
0.000000000000000000e+00 0.000000000000000000e+00 2.397895272798370669e+00 6.381816017406098496e+00 7.787796878181170612e+00 7.648739788956242514e+00 5.924255797414532232e+00
0.000000000000000000e+00 0.000000000000000000e+00 3.218875824868200564e+00 6.345636360828596167e+00 7.577633832602727715e+00 7.128495945680036527e+00 5.170483995038151370e+00
0.000000000000000000e+00 0.000000000000000000e+00 2.197224577336219564e+00 5.916202062607434975e+00 7.969357742016345725e+00 8.486115235845376858e+00 7.383368146992383529e+00
0.000000000000000000e+00 0.000000000000000000e+00 1.386294361119890572e+00 6.165417854231420414e+00 7.953318346560431351e+00 7.815207062189087672e+00 5.669880922980519600e+00
0.000000000000000000e+00 0.000000000000000000e+00 2.639057329615258407e+00 6.295266001439646431e+00 7.933079771880414910e+00 7.918628653342239865e+00 7.132497551660043733e+00
0.000000000000000000e+00 0.000000000000000000e+00 2.995732273553990854e+00 6.287858560161784460e+00 7.920809679288599803e+00 7.849323818040560674e+00 5.905361848054570650e+00
0.000000000000000000e+00 0.000000000000000000e+00 2.197224577336219564e+00 5.993961427306569334e+00 7.959974528080536516e+00 8.408716715080153392e+00 7.463363045520020833e+00
0.000000000000000000e+00 0.000000000000000000e+00 3.135494215929149675e+00 6.240275845170769387e+00 7.969011781106478232e+00 7.560080465021827401e+00 5.389071729816500955e+00
0.000000000000000000e+00 0.000000000000000000e+00 2.890371757896164517e+00 6.159095388491932610e+00 7.969357742016345725e+00 7.890208213109961122e+00 5.707110264748875395e+00
0.000000000000000000e+00 0.000000000000000000e+00 3.258096538021482136e+00 6.434546518787453095e+00 7.608870629191259560e+00 7.264030142899529530e+00 4.465908118654583703e+00
0.000000000000000000e+00 0.000000000000000000e+00 3.850147601710058431e+00 6.302618975744905150e+00 7.487733761436444091e+00 7.170119543449628097e+00 4.262679877041315457e+00
0.000000000000000000e+00 7.477038472319696538e+00 3.401197381662155461e+00 0.000000000000000000e+00 0.000000000000000000e+00 0.000000000000000000e+00 0.000000000000000000e+00
0.000000000000000000e+00 7.340186835320115399e+00 2.995732273553990854e+00 0.000000000000000000e+00 0.000000000000000000e+00 0.000000000000000000e+00 0.000000000000000000e+00
0.000000000000000000e+00 7.481555701909516465e+00 3.496507561466480229e+00 0.000000000000000000e+00 0.000000000000000000e+00 0.000000000000000000e+00 0.000000000000000000e+00
0.000000000000000000e+00 7.149131598557406875e+00 6.931471805599452862e-01 0.000000000000000000e+00 0.000000000000000000e+00 0.000000000000000000e+00 0.000000000000000000e+00
0.000000000000000000e+00 7.139660335964920002e+00 0.000000000000000000e+00 0.000000000000000000e+00 0.000000000000000000e+00 0.000000000000000000e+00 0.000000000000000000e+00
0.000000000000000000e+00 7.513709247839704730e+00 4.532599493153256276e+00 0.000000000000000000e+00 0.000000000000000000e+00 0.000000000000000000e+00 0.000000000000000000e+00
0.000000000000000000e+00 7.382124365737512406e+00 1.945910149055313232e+00 0.000000000000000000e+00 0.000000000000000000e+00 0.000000000000000000e+00 0.000000000000000000e+00
0.000000000000000000e+00 7.342131730584721794e+00 2.772588722239781145e+00 0.000000000000000000e+00 0.000000000000000000e+00 0.000000000000000000e+00 0.000000000000000000e+00
0.000000000000000000e+00 7.535830462798367435e+00 4.369447852467021498e+00 0.000000000000000000e+00 0.000000000000000000e+00 0.000000000000000000e+00 0.000000000000000000e+00
0.000000000000000000e+00 7.165493475060845441e+00 1.945910149055313232e+00 0.000000000000000000e+00 0.000000000000000000e+00 0.000000000000000000e+00 0.000000000000000000e+00
0.000000000000000000e+00 7.131698510466911500e+00 6.931471805599452862e-01 0.000000000000000000e+00 0.000000000000000000e+00 0.000000000000000000e+00 0.000000000000000000e+00
0.000000000000000000e+00 7.494986233950533538e+00 3.367295829986474143e+00 0.000000000000000000e+00 0.000000000000000000e+00 0.000000000000000000e+00 0.000000000000000000e+00
0.000000000000000000e+00 7.510977752014095010e+00 4.330733340286331057e+00 0.000000000000000000e+00 0.000000000000000000e+00 0.000000000000000000e+00 0.000000000000000000e+00
0.000000000000000000e+00 7.175489713624221721e+00 6.931471805599452862e-01 0.000000000000000000e+00 0.000000000000000000e+00 0.000000000000000000e+00 0.000000000000000000e+00
0.000000000000000000e+00 7.160845906664299321e+00 0.000000000000000000e+00 0.000000000000000000e+00 0.000000000000000000e+00 0.000000000000000000e+00 0.000000000000000000e+00
0.000000000000000000e+00 7.359467638255621225e+00 1.945910149055313232e+00 0.000000000000000000e+00 0.000000000000000000e+00 0.000000000000000000e+00 0.000000000000000000e+00
0.000000000000000000e+00 7.477604243197588652e+00 3.258096538021482136e+00 0.000000000000000000e+00 0.000000000000000000e+00 0.000000000000000000e+00 0.000000000000000000e+00
0.000000000000000000e+00 7.488852955733459105e+00 3.218875824868200564e+00 0.000000000000000000e+00 0.000000000000000000e+00 0.000000000000000000e+00 0.000000000000000000e+00
0.000000000000000000e+00 7.550661243105335707e+00 4.276666119016055312e+00 0.000000000000000000e+00 0.000000000000000000e+00 0.000000000000000000e+00 0.000000000000000000e+00
0.000000000000000000e+00 7.469083884921234429e+00 3.178053830347945752e+00 0.000000000000000000e+00 0.000000000000000000e+00 0.000000000000000000e+00 0.000000000000000000e+00
0.000000000000000000e+00 7.168579897264034884e+00 6.931471805599452862e-01 0.000000000000000000e+00 0.000000000000000000e+00 0.000000000000000000e+00 0.000000000000000000e+00
0.000000000000000000e+00 7.525639975041535479e+00 4.094344562222100414e+00 0.000000000000000000e+00 0.000000000000000000e+00 0.000000000000000000e+00 0.000000000000000000e+00
0.000000000000000000e+00 7.457609289715605883e+00 3.367295829986474143e+00 0.000000000000000000e+00 0.000000000000000000e+00 0.000000000000000000e+00 0.000000000000000000e+00
0.000000000000000000e+00 7.443078374348515602e+00 3.465735902799726542e+00 0.000000000000000000e+00 0.000000000000000000e+00 0.000000000000000000e+00 0.000000000000000000e+00
0.000000000000000000e+00 7.347943823148686882e+00 2.833213344056216165e+00 0.000000000000000000e+00 0.000000000000000000e+00 0.000000000000000000e+00 0.000000000000000000e+00
0.000000000000000000e+00 6.510258340523149556e+00 8.567696173589343545e+00 3.931825632724325725e+00 0.000000000000000000e+00 0.000000000000000000e+00 0.000000000000000000e+00
0.000000000000000000e+00 6.538139823767670222e+00 8.448914350662942496e+00 3.951243718581427533e+00 0.000000000000000000e+00 0.000000000000000000e+00 0.000000000000000000e+00
0.000000000000000000e+00 7.165493475060845441e+00 7.494430215031565368e+00 0.000000000000000000e+00 0.000000000000000000e+00 0.000000000000000000e+00 0.000000000000000000e+00
0.000000000000000000e+00 6.361302477572995606e+00 8.643649615368795835e+00 4.094344562222100414e+00 0.000000000000000000e+00 0.000000000000000000e+00 0.000000000000000000e+00
0.000000000000000000e+00 7.280008252884187847e+00 7.090076835776091713e+00 0.000000000000000000e+00 0.000000000000000000e+00 0.000000000000000000e+00 0.000000000000000000e+00
0.000000000000000000e+00 6.517671272912274993e+00 8.555259392222692938e+00 2.995732273553990854e+00 0.000000000000000000e+00 0.000000000000000000e+00 0.000000000000000000e+00
0.000000000000000000e+00 6.966967138613982868e+00 8.014004994779458713e+00 1.098612288668109782e+00 0.000000000000000000e+00 0.000000000000000000e+00 0.000000000000000000e+00
0.000000000000000000e+00 7.199678345691172154e+00 7.254177846456517642e+00 0.000000000000000000e+00 0.000000000000000000e+00 0.000000000000000000e+00 0.000000000000000000e+00
0.000000000000000000e+00 6.731018100482082822e+00 8.262300941787447783e+00 2.772588722239781145e+00 0.000000000000000000e+00 0.000000000000000000e+00 0.000000000000000000e+00
0.000000000000000000e+00 6.695798917058491284e+00 8.310660905907225171e+00 2.639057329615258407e+00 0.000000000000000000e+00 0.000000000000000000e+00 0.000000000000000000e+00
0.000000000000000000e+00 6.459904454377534577e+00 8.594154232552366324e+00 3.555348061489413514e+00 0.000000000000000000e+00 0.000000000000000000e+00 0.000000000000000000e+00
0.000000000000000000e+00 6.541029999189903243e+00 8.439663988907000203e+00 3.433987204485146272e+00 0.000000000000000000e+00 0.000000000000000000e+00 0.000000000000000000e+00
0.000000000000000000e+00 6.946975992135418387e+00 7.982416346827733378e+00 1.609437912434100282e+00 0.000000000000000000e+00 0.000000000000000000e+00 0.000000000000000000e+00
0.000000000000000000e+00 6.304448802421981135e+00 8.630343289348893165e+00 3.891820298110626464e+00 0.000000000000000000e+00 0.000000000000000000e+00 0.000000000000000000e+00
0.000000000000000000e+00 7.100027166629259590e+00 7.607381425639791139e+00 6.931471805599452862e-01 0.000000000000000000e+00 0.000000000000000000e+00 0.000000000000000000e+00
0.000000000000000000e+00 6.541029999189903243e+00 8.462525790073929244e+00 3.988984046564274522e+00 0.000000000000000000e+00 0.000000000000000000e+00 0.000000000000000000e+00
0.000000000000000000e+00 6.993015122932960459e+00 7.833600223661103534e+00 1.098612288668109782e+00 0.000000000000000000e+00 0.000000000000000000e+00 0.000000000000000000e+00
0.000000000000000000e+00 7.182352111885262680e+00 7.475339236566736822e+00 0.000000000000000000e+00 0.000000000000000000e+00 0.000000000000000000e+00 0.000000000000000000e+00
0.000000000000000000e+00 7.029087564149661738e+00 7.784057002639928946e+00 0.000000000000000000e+00 0.000000000000000000e+00 0.000000000000000000e+00 0.000000000000000000e+00
0.000000000000000000e+00 6.734591659972948285e+00 8.254528881939744878e+00 2.197224577336219564e+00 0.000000000000000000e+00 0.000000000000000000e+00 0.000000000000000000e+00
0.000000000000000000e+00 6.562444093693719616e+00 8.478868077094569244e+00 3.091042453358316067e+00 0.000000000000000000e+00 0.000000000000000000e+00 0.000000000000000000e+00
0.000000000000000000e+00 7.224024808285830268e+00 7.413970290190444068e+00 0.000000000000000000e+00 0.000000000000000000e+00 0.000000000000000000e+00 0.000000000000000000e+00
0.000000000000000000e+00 6.694562058521094983e+00 8.300031711779574550e+00 3.091042453358316067e+00 0.000000000000000000e+00 0.000000000000000000e+00 0.000000000000000000e+00
0.000000000000000000e+00 6.766191714660350520e+00 8.256866848974311779e+00 3.135494215929149675e+00 0.000000000000000000e+00 0.000000000000000000e+00 0.000000000000000000e+00
0.000000000000000000e+00 6.872128101338986106e+00 8.070280893393899646e+00 1.386294361119890572e+00 0.000000000000000000e+00 0.000000000000000000e+00 0.000000000000000000e+00
0.000000000000000000e+00 5.669880922980519600e+00 9.053218616203970726e+00 5.257495372027781499e+00 0.000000000000000000e+00 0.000000000000000000e+00 0.000000000000000000e+00
0.000000000000000000e+00 5.288267030694535187e+00 9.185535253057212302e+00 6.729824070489475396e+00 0.000000000000000000e+00 0.000000000000000000e+00 0.000000000000000000e+00
0.000000000000000000e+00 5.463831805025610500e+00 9.161885151706778530e+00 6.308098441509530474e+00 6.931471805599452862e-01 0.000000000000000000e+00 0.000000000000000000e+00
0.000000000000000000e+00 4.912654885736052357e+00 9.272657678041044349e+00 6.692083742506627964e+00 0.000000000000000000e+00 0.000000000000000000e+00 0.000000000000000000e+00
0.000000000000000000e+00 5.099866427824198745e+00 9.248214024404264322e+00 6.872128101338986106e+00 0.000000000000000000e+00 0.000000000000000000e+00 0.000000000000000000e+00
0.000000000000000000e+00 4.890349128221753716e+00 9.210940192048150621e+00 7.153833801578842966e+00 6.931471805599452862e-01 0.000000000000000000e+00 0.000000000000000000e+00
0.000000000000000000e+00 4.912654885736052357e+00 9.265017933266879169e+00 6.891625897052253258e+00 0.000000000000000000e+00 0.000000000000000000e+00 0.000000000000000000e+00
0.000000000000000000e+00 5.393627546352361968e+00 9.111403624116158895e+00 6.458338283344789765e+00 0.000000000000000000e+00 0.000000000000000000e+00 0.000000000000000000e+00
0.000000000000000000e+00 5.575949103146315977e+00 9.091894616769700121e+00 5.480638923341991209e+00 0.000000000000000000e+00 0.000000000000000000e+00 0.000000000000000000e+00
0.000000000000000000e+00 5.517452896464707379e+00 9.035272443893536121e+00 5.468060141135131502e+00 0.000000000000000000e+00 0.000000000000000000e+00 0.000000000000000000e+00
0.000000000000000000e+00 4.795790545596741339e+00 9.281078386481524944e+00 6.919683849847411139e+00 1.386294361119890572e+00 0.000000000000000000e+00 0.000000000000000000e+00
0.000000000000000000e+00 4.682131227124219919e+00 9.233568498095390709e+00 7.161622002939187048e+00 1.791759469228054957e+00 0.000000000000000000e+00 0.000000000000000000e+00
0.000000000000000000e+00 5.262690188904885602e+00 9.208739090609208588e+00 6.483107351457198853e+00 0.000000000000000000e+00 0.000000000000000000e+00 0.000000000000000000e+00
0.000000000000000000e+00 5.170483995038151370e+00 9.174609562020384246e+00 6.784457062637643254e+00 0.000000000000000000e+00 0.000000000000000000e+00 0.000000000000000000e+00
0.000000000000000000e+00 4.844187086458591196e+00 9.185125122835119171e+00 7.272398392570046610e+00 0.000000000000000000e+00 0.000000000000000000e+00 0.000000000000000000e+00
0.000000000000000000e+00 4.905274778438429628e+00 9.255887186932152844e+00 6.709304340258298360e+00 0.000000000000000000e+00 0.000000000000000000e+00 0.000000000000000000e+00
0.000000000000000000e+00 5.433722003554239954e+00 9.161675199994901320e+00 5.932245187448010881e+00 0.000000000000000000e+00 0.000000000000000000e+00 0.000000000000000000e+00
0.000000000000000000e+00 4.844187086458591196e+00 9.236008118724759797e+00 7.085901464365610636e+00 2.079441541679835748e+00 0.000000000000000000e+00 0.000000000000000000e+00
0.000000000000000000e+00 4.927253685157205076e+00 9.279493230664499492e+00 6.703188113240862833e+00 6.931471805599452862e-01 0.000000000000000000e+00 0.000000000000000000e+00
0.000000000000000000e+00 4.927253685157205076e+00 9.216819338073891643e+00 7.170888478512504882e+00 2.079441541679835748e+00 0.000000000000000000e+00 0.000000000000000000e+00
0.000000000000000000e+00 5.111987788356543660e+00 9.165343006045446828e+00 6.781057625936179889e+00 0.000000000000000000e+00 0.000000000000000000e+00 0.000000000000000000e+00
0.000000000000000000e+00 5.370638028127662444e+00 9.148677711584076278e+00 6.347389209656010500e+00 0.000000000000000000e+00 0.000000000000000000e+00 0.000000000000000000e+00
0.000000000000000000e+00 4.605170185988091802e+00 9.208638925336424919e+00 7.207859871432475529e+00 0.000000000000000000e+00 0.000000000000000000e+00 0.000000000000000000e+00
0.000000000000000000e+00 5.187385805840754927e+00 9.196444266784071786e+00 6.699500340161677947e+00 0.000000000000000000e+00 0.000000000000000000e+00 0.000000000000000000e+00
0.000000000000000000e+00 5.075173815233826602e+00 9.204422898212145654e+00 6.746412128573374467e+00 0.000000000000000000e+00 0.000000000000000000e+00 0.000000000000000000e+00
0.000000000000000000e+00 4.127134385045091669e+00 9.338909472770890119e+00 7.852827812281744535e+00 2.484906649788000355e+00 0.000000000000000000e+00 0.000000000000000000e+00
0.000000000000000000e+00 3.610917912644224348e+00 9.311542252485150328e+00 8.426173793029068548e+00 4.574710978503382819e+00 0.000000000000000000e+00 0.000000000000000000e+00
0.000000000000000000e+00 4.060443010546419096e+00 9.298809019963790945e+00 8.373091847441980207e+00 2.833213344056216165e+00 0.000000000000000000e+00 0.000000000000000000e+00
0.000000000000000000e+00 4.060443010546419096e+00 9.353054474175358735e+00 7.982074875081202059e+00 2.302585092994045901e+00 0.000000000000000000e+00 0.000000000000000000e+00
0.000000000000000000e+00 3.610917912644224348e+00 9.300272479476790366e+00 8.473032295630467559e+00 3.828641396489095072e+00 0.000000000000000000e+00 0.000000000000000000e+00
0.000000000000000000e+00 3.637586159726385659e+00 9.305468717067759243e+00 8.415824697027948886e+00 2.484906649788000355e+00 0.000000000000000000e+00 0.000000000000000000e+00
0.000000000000000000e+00 4.219507705176106960e+00 9.277064004019090149e+00 7.787796878181170612e+00 2.197224577336219564e+00 0.000000000000000000e+00 0.000000000000000000e+00
0.000000000000000000e+00 3.912023005428145961e+00 9.355306142226368138e+00 8.055157731819678091e+00 2.944438979166440262e+00 0.000000000000000000e+00 0.000000000000000000e+00
0.000000000000000000e+00 3.988984046564274522e+00 9.258177701390343017e+00 8.281977058867758146e+00 3.761200115693562385e+00 0.000000000000000000e+00 0.000000000000000000e+00
0.000000000000000000e+00 4.406719247264253347e+00 9.287301413112311721e+00 7.839131648274332953e+00 0.000000000000000000e+00 0.000000000000000000e+00 0.000000000000000000e+00
0.000000000000000000e+00 4.330733340286331057e+00 9.267665438595452443e+00 7.696212639346406981e+00 2.079441541679835748e+00 0.000000000000000000e+00 0.000000000000000000e+00
0.000000000000000000e+00 3.912023005428145961e+00 9.316860215353855779e+00 7.860570785538664396e+00 2.564949357461536739e+00 0.000000000000000000e+00 0.000000000000000000e+00
0.000000000000000000e+00 3.737669618283368411e+00 9.374328222081633299e+00 8.052296499538647012e+00 1.609437912434100282e+00 0.000000000000000000e+00 0.000000000000000000e+00
0.000000000000000000e+00 4.094344562222100414e+00 9.257223957875032383e+00 7.759187438507795243e+00 1.386294361119890572e+00 0.000000000000000000e+00 0.000000000000000000e+00
0.000000000000000000e+00 4.543294782270003829e+00 9.314339961994667405e+00 7.444248649496705283e+00 2.302585092994045901e+00 0.000000000000000000e+00 0.000000000000000000e+00
0.000000000000000000e+00 4.189654742026425183e+00 9.261223582290751821e+00 8.037220031133012199e+00 3.465735902799726542e+00 0.000000000000000000e+00 0.000000000000000000e+00
0.000000000000000000e+00 3.433987204485146272e+00 9.302007560502007166e+00 8.553910774351400903e+00 4.521788577049040470e+00 0.000000000000000000e+00 0.000000000000000000e+00
0.000000000000000000e+00 3.784189633918261020e+00 9.327678864393416092e+00 8.495969554964609927e+00 4.510859506516849748e+00 0.000000000000000000e+00 0.000000000000000000e+00
0.000000000000000000e+00 3.931825632724325725e+00 9.270870871716214268e+00 8.140607042858450271e+00 2.890371757896164517e+00 0.000000000000000000e+00 0.000000000000000000e+00
0.000000000000000000e+00 4.454347296253507338e+00 9.268043082104471253e+00 7.845807502637804909e+00 2.564949357461536739e+00 0.000000000000000000e+00 0.000000000000000000e+00
0.000000000000000000e+00 3.828641396489095072e+00 9.229162126216770901e+00 8.256088133814909469e+00 3.135494215929149675e+00 0.000000000000000000e+00 0.000000000000000000e+00
0.000000000000000000e+00 3.401197381662155461e+00 9.299266581170584800e+00 8.493719835230594484e+00 3.871201010907891149e+00 0.000000000000000000e+00 0.000000000000000000e+00
0.000000000000000000e+00 3.583518938456109915e+00 9.290629203204986197e+00 8.486321527749149496e+00 3.465735902799726542e+00 0.000000000000000000e+00 0.000000000000000000e+00
0.000000000000000000e+00 3.610917912644224348e+00 9.397981090247737868e+00 8.092851027538383590e+00 1.791759469228054957e+00 0.000000000000000000e+00 0.000000000000000000e+00
0.000000000000000000e+00 3.737669618283368411e+00 9.400878083541478247e+00 8.131530710604252477e+00 2.564949357461536739e+00 0.000000000000000000e+00 0.000000000000000000e+00
