0.000000000000000000e+00 7.530479995245536351e+00 0.000000000000000000e+00 0.000000000000000000e+00 0.000000000000000000e+00 0.000000000000000000e+00 0.000000000000000000e+00
4.795790545596741339e+00 3.713572066704307950e+00 0.000000000000000000e+00 0.000000000000000000e+00 0.000000000000000000e+00 0.000000000000000000e+00 0.000000000000000000e+00
5.874930730852030436e+00 0.000000000000000000e+00 0.000000000000000000e+00 0.000000000000000000e+00 0.000000000000000000e+00 0.000000000000000000e+00 0.000000000000000000e+00
4.356708826689591696e+00 4.543294782270003829e+00 0.000000000000000000e+00 0.000000000000000000e+00 0.000000000000000000e+00 0.000000000000000000e+00 0.000000000000000000e+00
0.000000000000000000e+00 7.417580402414544416e+00 0.000000000000000000e+00 0.000000000000000000e+00 0.000000000000000000e+00 0.000000000000000000e+00 0.000000000000000000e+00
0.000000000000000000e+00 7.339537695407674533e+00 0.000000000000000000e+00 0.000000000000000000e+00 0.000000000000000000e+00 0.000000000000000000e+00 0.000000000000000000e+00
5.690359454324060096e+00 0.000000000000000000e+00 0.000000000000000000e+00 0.000000000000000000e+00 0.000000000000000000e+00 0.000000000000000000e+00 0.000000000000000000e+00
0.000000000000000000e+00 7.161622002939187048e+00 0.000000000000000000e+00 0.000000000000000000e+00 0.000000000000000000e+00 0.000000000000000000e+00 0.000000000000000000e+00
5.198497031265826074e+00 1.945910149055313232e+00 0.000000000000000000e+00 0.000000000000000000e+00 0.000000000000000000e+00 0.000000000000000000e+00 0.000000000000000000e+00
0.000000000000000000e+00 7.521317980199239805e+00 0.000000000000000000e+00 0.000000000000000000e+00 0.000000000000000000e+00 0.000000000000000000e+00 0.000000000000000000e+00
1.098612288668109782e+00 6.758094504427730520e+00 0.000000000000000000e+00 0.000000000000000000e+00 0.000000000000000000e+00 0.000000000000000000e+00 0.000000000000000000e+00
6.049733455231957713e+00 0.000000000000000000e+00 0.000000000000000000e+00 0.000000000000000000e+00 0.000000000000000000e+00 0.000000000000000000e+00 0.000000000000000000e+00
4.663439094112066918e+00 3.737669618283368411e+00 0.000000000000000000e+00 0.000000000000000000e+00 0.000000000000000000e+00 0.000000000000000000e+00 0.000000000000000000e+00
6.931471805599452862e-01 6.927557906278316580e+00 0.000000000000000000e+00 0.000000000000000000e+00 0.000000000000000000e+00 0.000000000000000000e+00 0.000000000000000000e+00
6.156978985585555009e+00 0.000000000000000000e+00 0.000000000000000000e+00 0.000000000000000000e+00 0.000000000000000000e+00 0.000000000000000000e+00 0.000000000000000000e+00
0.000000000000000000e+00 7.318539548567901676e+00 0.000000000000000000e+00 0.000000000000000000e+00 0.000000000000000000e+00 0.000000000000000000e+00 0.000000000000000000e+00
4.043051267834550266e+00 4.867534450455582196e+00 0.000000000000000000e+00 0.000000000000000000e+00 0.000000000000000000e+00 0.000000000000000000e+00 0.000000000000000000e+00
0.000000000000000000e+00 7.491087593534875744e+00 0.000000000000000000e+00 0.000000000000000000e+00 0.000000000000000000e+00 0.000000000000000000e+00 0.000000000000000000e+00
5.283203728737988492e+00 2.079441541679835748e+00 0.000000000000000000e+00 0.000000000000000000e+00 0.000000000000000000e+00 0.000000000000000000e+00 0.000000000000000000e+00
6.115892125483034292e+00 0.000000000000000000e+00 0.000000000000000000e+00 0.000000000000000000e+00 0.000000000000000000e+00 0.000000000000000000e+00 0.000000000000000000e+00
6.931471805599452862e-01 7.312553498102597693e+00 0.000000000000000000e+00 0.000000000000000000e+00 0.000000000000000000e+00 0.000000000000000000e+00 0.000000000000000000e+00
5.283203728737988492e+00 0.000000000000000000e+00 0.000000000000000000e+00 0.000000000000000000e+00 0.000000000000000000e+00 0.000000000000000000e+00 0.000000000000000000e+00
0.000000000000000000e+00 7.062191632286555887e+00 0.000000000000000000e+00 0.000000000000000000e+00 0.000000000000000000e+00 0.000000000000000000e+00 0.000000000000000000e+00
2.079441541679835748e+00 5.976350909297933889e+00 0.000000000000000000e+00 0.000000000000000000e+00 0.000000000000000000e+00 0.000000000000000000e+00 0.000000000000000000e+00
6.931471805599452862e-01 6.870053411798125786e+00 0.000000000000000000e+00 0.000000000000000000e+00 0.000000000000000000e+00 0.000000000000000000e+00 0.000000000000000000e+00
0.000000000000000000e+00 8.183676582620657669e+00 2.772588722239781145e+00 0.000000000000000000e+00 0.000000000000000000e+00 0.000000000000000000e+00 0.000000000000000000e+00
0.000000000000000000e+00 8.159660737063376246e+00 1.609437912434100282e+00 0.000000000000000000e+00 0.000000000000000000e+00 0.000000000000000000e+00 0.000000000000000000e+00
0.000000000000000000e+00 8.116118431609365302e+00 3.496507561466480229e+00 0.000000000000000000e+00 0.000000000000000000e+00 0.000000000000000000e+00 0.000000000000000000e+00
0.000000000000000000e+00 8.091321273530409641e+00 3.258096538021482136e+00 0.000000000000000000e+00 0.000000000000000000e+00 0.000000000000000000e+00 0.000000000000000000e+00
0.000000000000000000e+00 8.224699561967234729e+00 2.484906649788000355e+00 0.000000000000000000e+00 0.000000000000000000e+00 0.000000000000000000e+00 0.000000000000000000e+00
0.000000000000000000e+00 8.189522110748093553e+00 2.197224577336219564e+00 0.000000000000000000e+00 0.000000000000000000e+00 0.000000000000000000e+00 0.000000000000000000e+00
0.000000000000000000e+00 8.190631680903539547e+00 2.944438979166440262e+00 0.000000000000000000e+00 0.000000000000000000e+00 0.000000000000000000e+00 0.000000000000000000e+00
0.000000000000000000e+00 8.201111644442757864e+00 1.945910149055313232e+00 0.000000000000000000e+00 0.000000000000000000e+00 0.000000000000000000e+00 0.000000000000000000e+00
0.000000000000000000e+00 8.207946941048616551e+00 2.708050201102210064e+00 0.000000000000000000e+00 0.000000000000000000e+00 0.000000000000000000e+00 0.000000000000000000e+00
0.000000000000000000e+00 8.195885391314796209e+00 2.708050201102210064e+00 0.000000000000000000e+00 0.000000000000000000e+00 0.000000000000000000e+00 0.000000000000000000e+00
0.000000000000000000e+00 8.156797046675650975e+00 3.663561646129646299e+00 0.000000000000000000e+00 0.000000000000000000e+00 0.000000000000000000e+00 0.000000000000000000e+00
0.000000000000000000e+00 8.192847134592865288e+00 1.386294361119890572e+00 0.000000000000000000e+00 0.000000000000000000e+00 0.000000000000000000e+00 0.000000000000000000e+00
0.000000000000000000e+00 8.163086375583215926e+00 3.135494215929149675e+00 0.000000000000000000e+00 0.000000000000000000e+00 0.000000000000000000e+00 0.000000000000000000e+00
0.000000000000000000e+00 8.219595454177079930e+00 2.484906649788000355e+00 0.000000000000000000e+00 0.000000000000000000e+00 0.000000000000000000e+00 0.000000000000000000e+00
0.000000000000000000e+00 8.033658427886150477e+00 3.951243718581427533e+00 0.000000000000000000e+00 0.000000000000000000e+00 0.000000000000000000e+00 0.000000000000000000e+00
0.000000000000000000e+00 8.166784289056151280e+00 3.401197381662155461e+00 0.000000000000000000e+00 0.000000000000000000e+00 0.000000000000000000e+00 0.000000000000000000e+00
0.000000000000000000e+00 8.223090551161533313e+00 2.302585092994045901e+00 0.000000000000000000e+00 0.000000000000000000e+00 0.000000000000000000e+00 0.000000000000000000e+00
0.000000000000000000e+00 8.210124405164267003e+00 2.708050201102210064e+00 0.000000000000000000e+00 0.000000000000000000e+00 0.000000000000000000e+00 0.000000000000000000e+00
0.000000000000000000e+00 8.120291313968561298e+00 3.044522437723423014e+00 0.000000000000000000e+00 0.000000000000000000e+00 0.000000000000000000e+00 0.000000000000000000e+00
0.000000000000000000e+00 8.095293776844648903e+00 3.806662489770319624e+00 0.000000000000000000e+00 0.000000000000000000e+00 0.000000000000000000e+00 0.000000000000000000e+00
0.000000000000000000e+00 8.221210093925069629e+00 2.708050201102210064e+00 0.000000000000000000e+00 0.000000000000000000e+00 0.000000000000000000e+00 0.000000000000000000e+00
0.000000000000000000e+00 8.186742787113518105e+00 0.000000000000000000e+00 0.000000000000000000e+00 0.000000000000000000e+00 0.000000000000000000e+00 0.000000000000000000e+00
0.000000000000000000e+00 8.107720061910534071e+00 3.784189633918261020e+00 0.000000000000000000e+00 0.000000000000000000e+00 0.000000000000000000e+00 0.000000000000000000e+00
0.000000000000000000e+00 8.097730573664218667e+00 3.401197381662155461e+00 0.000000000000000000e+00 0.000000000000000000e+00 0.000000000000000000e+00 0.000000000000000000e+00
0.000000000000000000e+00 8.150467911624003747e+00 3.218875824868200564e+00 0.000000000000000000e+00 0.000000000000000000e+00 0.000000000000000000e+00 0.000000000000000000e+00
0.000000000000000000e+00 4.919980925828125073e+00 9.127393451155256798e+00 6.931471805599452862e-01 0.000000000000000000e+00 0.000000000000000000e+00 0.000000000000000000e+00
0.000000000000000000e+00 5.308267697401205076e+00 8.919051803930290845e+00 1.098612288668109782e+00 0.000000000000000000e+00 0.000000000000000000e+00 0.000000000000000000e+00
0.000000000000000000e+00 5.365976015021851175e+00 8.844912950899548321e+00 0.000000000000000000e+00 0.000000000000000000e+00 0.000000000000000000e+00 0.000000000000000000e+00
0.000000000000000000e+00 4.369447852467021498e+00 9.465060106725136535e+00 1.386294361119890572e+00 0.000000000000000000e+00 0.000000000000000000e+00 0.000000000000000000e+00
0.000000000000000000e+00 4.605170185988091802e+00 9.291920358968605242e+00 1.386294361119890572e+00 0.000000000000000000e+00 0.000000000000000000e+00 0.000000000000000000e+00
0.000000000000000000e+00 4.574710978503382819e+00 9.347926034928745409e+00 6.931471805599452862e-01 0.000000000000000000e+00 0.000000000000000000e+00 0.000000000000000000e+00
0.000000000000000000e+00 5.147494476813452735e+00 9.035034150076132420e+00 6.931471805599452862e-01 0.000000000000000000e+00 0.000000000000000000e+00 0.000000000000000000e+00
0.000000000000000000e+00 4.094344562222100414e+00 9.540219493127752415e+00 6.931471805599452862e-01 0.000000000000000000e+00 0.000000000000000000e+00 0.000000000000000000e+00
0.000000000000000000e+00 3.806662489770319624e+00 9.722864552377755487e+00 1.609437912434100282e+00 0.000000000000000000e+00 0.000000000000000000e+00 0.000000000000000000e+00
0.000000000000000000e+00 3.663561646129646299e+00 9.774403399124590663e+00 2.302585092994045901e+00 0.000000000000000000e+00 0.000000000000000000e+00 0.000000000000000000e+00
0.000000000000000000e+00 5.075173815233826602e+00 9.015055148790368733e+00 0.000000000000000000e+00 0.000000000000000000e+00 0.000000000000000000e+00 0.000000000000000000e+00
0.000000000000000000e+00 4.454347296253507338e+00 9.419222713938122382e+00 1.386294361119890572e+00 0.000000000000000000e+00 0.000000000000000000e+00 0.000000000000000000e+00
0.000000000000000000e+00 2.639057329615258407e+00 9.984422170032127397e+00 2.397895272798370669e+00 0.000000000000000000e+00 0.000000000000000000e+00 0.000000000000000000e+00
0.000000000000000000e+00 4.510859506516849748e+00 9.418898064961974015e+00 0.000000000000000000e+00 0.000000000000000000e+00 0.000000000000000000e+00 0.000000000000000000e+00
0.000000000000000000e+00 4.905274778438429628e+00 9.164296433474776293e+00 1.386294361119890572e+00 0.000000000000000000e+00 0.000000000000000000e+00 0.000000000000000000e+00
0.000000000000000000e+00 5.293304824724492263e+00 8.995040974685021951e+00 0.000000000000000000e+00 0.000000000000000000e+00 0.000000000000000000e+00 0.000000000000000000e+00
0.000000000000000000e+00 2.708050201102210064e+00 1.000784756786037022e+01 2.079441541679835748e+00 0.000000000000000000e+00 0.000000000000000000e+00 0.000000000000000000e+00
0.000000000000000000e+00 5.774551545544408526e+00 8.537779825024625069e+00 0.000000000000000000e+00 0.000000000000000000e+00 0.000000000000000000e+00 0.000000000000000000e+00
0.000000000000000000e+00 5.278114659230516814e+00 8.970813341411448150e+00 1.098612288668109782e+00 0.000000000000000000e+00 0.000000000000000000e+00 0.000000000000000000e+00
0.000000000000000000e+00 5.236441962829949226e+00 8.958411469230219026e+00 0.000000000000000000e+00 0.000000000000000000e+00 0.000000000000000000e+00 0.000000000000000000e+00
0.000000000000000000e+00 3.912023005428145961e+00 9.579210649614791961e+00 2.079441541679835748e+00 0.000000000000000000e+00 0.000000000000000000e+00 0.000000000000000000e+00
0.000000000000000000e+00 5.023880520846276454e+00 9.075093222568156648e+00 0.000000000000000000e+00 0.000000000000000000e+00 0.000000000000000000e+00 0.000000000000000000e+00
0.000000000000000000e+00 5.111987788356543660e+00 8.983063289380366356e+00 0.000000000000000000e+00 0.000000000000000000e+00 0.000000000000000000e+00 0.000000000000000000e+00
0.000000000000000000e+00 2.890371757896164517e+00 9.962180898875345747e+00 2.944438979166440262e+00 0.000000000000000000e+00 0.000000000000000000e+00 0.000000000000000000e+00
0.000000000000000000e+00 2.944438979166440262e+00 9.936293504261305642e+00 2.397895272798370669e+00 0.000000000000000000e+00 0.000000000000000000e+00 0.000000000000000000e+00
0.000000000000000000e+00 0.000000000000000000e+00 1.069446446343824775e+01 6.723832440821208678e+00 6.931471805599452862e-01 0.000000000000000000e+00 0.000000000000000000e+00
0.000000000000000000e+00 0.000000000000000000e+00 1.069117188692006160e+01 6.327936783729194659e+00 0.000000000000000000e+00 0.000000000000000000e+00 0.000000000000000000e+00
0.000000000000000000e+00 0.000000000000000000e+00 1.065867012401552572e+01 7.090909822079983549e+00 0.000000000000000000e+00 0.000000000000000000e+00 0.000000000000000000e+00
0.000000000000000000e+00 0.000000000000000000e+00 1.068155016512683986e+01 6.620073206530356025e+00 0.000000000000000000e+00 0.000000000000000000e+00 0.000000000000000000e+00
0.000000000000000000e+00 0.000000000000000000e+00 1.068558381485597764e+01 5.517452896464707379e+00 0.000000000000000000e+00 0.000000000000000000e+00 0.000000000000000000e+00
0.000000000000000000e+00 0.000000000000000000e+00 1.066816438423499491e+01 7.124478262493424197e+00 0.000000000000000000e+00 0.000000000000000000e+00 0.000000000000000000e+00
0.000000000000000000e+00 0.000000000000000000e+00 1.072201108861278307e+01 6.023447592961033159e+00 0.000000000000000000e+00 0.000000000000000000e+00 0.000000000000000000e+00
0.000000000000000000e+00 0.000000000000000000e+00 1.068329396475647997e+01 5.991464547107981709e+00 0.000000000000000000e+00 0.000000000000000000e+00 0.000000000000000000e+00
0.000000000000000000e+00 0.000000000000000000e+00 1.066164970321380068e+01 6.916715020353608523e+00 0.000000000000000000e+00 0.000000000000000000e+00 0.000000000000000000e+00
0.000000000000000000e+00 0.000000000000000000e+00 1.071395099316301369e+01 5.926926025970410628e+00 0.000000000000000000e+00 0.000000000000000000e+00 0.000000000000000000e+00
0.000000000000000000e+00 0.000000000000000000e+00 1.070169270299154540e+01 6.664409020350407609e+00 0.000000000000000000e+00 0.000000000000000000e+00 0.000000000000000000e+00
0.000000000000000000e+00 0.000000000000000000e+00 1.068800534480062403e+01 5.786897381366707727e+00 0.000000000000000000e+00 0.000000000000000000e+00 0.000000000000000000e+00
0.000000000000000000e+00 0.000000000000000000e+00 1.069446446343824775e+01 6.672032945461067399e+00 0.000000000000000000e+00 0.000000000000000000e+00 0.000000000000000000e+00
0.000000000000000000e+00 0.000000000000000000e+00 1.071096737855210357e+01 6.749931193788570205e+00 6.931471805599452862e-01 0.000000000000000000e+00 0.000000000000000000e+00
0.000000000000000000e+00 0.000000000000000000e+00 1.063352099276268170e+01 7.108244139731541011e+00 0.000000000000000000e+00 0.000000000000000000e+00 0.000000000000000000e+00
0.000000000000000000e+00 0.000000000000000000e+00 1.068629260502660827e+01 6.635946555686646597e+00 0.000000000000000000e+00 0.000000000000000000e+00 0.000000000000000000e+00
0.000000000000000000e+00 0.000000000000000000e+00 1.071721385605445853e+01 6.061456918928016968e+00 0.000000000000000000e+00 0.000000000000000000e+00 0.000000000000000000e+00
0.000000000000000000e+00 0.000000000000000000e+00 1.070893610518321815e+01 6.259581464064923217e+00 0.000000000000000000e+00 0.000000000000000000e+00 0.000000000000000000e+00
0.000000000000000000e+00 0.000000000000000000e+00 1.069783661360504112e+01 6.814542897259958210e+00 0.000000000000000000e+00 0.000000000000000000e+00 0.000000000000000000e+00
0.000000000000000000e+00 0.000000000000000000e+00 1.064222932065446514e+01 7.314552832324079823e+00 1.791759469228054957e+00 0.000000000000000000e+00 0.000000000000000000e+00
0.000000000000000000e+00 0.000000000000000000e+00 1.069952971181410817e+01 5.910796644040527070e+00 6.931471805599452862e-01 0.000000000000000000e+00 0.000000000000000000e+00
0.000000000000000000e+00 0.000000000000000000e+00 1.065869361998009524e+01 7.010311867307229328e+00 0.000000000000000000e+00 0.000000000000000000e+00 0.000000000000000000e+00
0.000000000000000000e+00 0.000000000000000000e+00 1.069720378801776839e+01 6.357842266508099804e+00 0.000000000000000000e+00 0.000000000000000000e+00 0.000000000000000000e+00
0.000000000000000000e+00 0.000000000000000000e+00 1.067452127175314480e+01 6.530877627725884871e+00 0.000000000000000000e+00 0.000000000000000000e+00 0.000000000000000000e+00
0.000000000000000000e+00 0.000000000000000000e+00 1.070508546910087766e+01 6.091309882077697857e+00 0.000000000000000000e+00 0.000000000000000000e+00 0.000000000000000000e+00
5.983936280687190745e+00 0.000000000000000000e+00 0.000000000000000000e+00 0.000000000000000000e+00 0.000000000000000000e+00 0.000000000000000000e+00 0.000000000000000000e+00
5.913503005638269805e+00 0.000000000000000000e+00 0.000000000000000000e+00 0.000000000000000000e+00 0.000000000000000000e+00 0.000000000000000000e+00 0.000000000000000000e+00
5.996452088619021126e+00 0.000000000000000000e+00 0.000000000000000000e+00 0.000000000000000000e+00 0.000000000000000000e+00 0.000000000000000000e+00 0.000000000000000000e+00
6.184148890937483323e+00 0.000000000000000000e+00 0.000000000000000000e+00 0.000000000000000000e+00 0.000000000000000000e+00 0.000000000000000000e+00 0.000000000000000000e+00
6.152732694704104333e+00 0.000000000000000000e+00 0.000000000000000000e+00 0.000000000000000000e+00 0.000000000000000000e+00 0.000000000000000000e+00 0.000000000000000000e+00
6.208590026096628911e+00 0.000000000000000000e+00 0.000000000000000000e+00 0.000000000000000000e+00 0.000000000000000000e+00 0.000000000000000000e+00 0.000000000000000000e+00
6.202535517187922842e+00 0.000000000000000000e+00 0.000000000000000000e+00 0.000000000000000000e+00 0.000000000000000000e+00 0.000000000000000000e+00 0.000000000000000000e+00
6.190315405853147546e+00 0.000000000000000000e+00 0.000000000000000000e+00 0.000000000000000000e+00 0.000000000000000000e+00 0.000000000000000000e+00 0.000000000000000000e+00
6.037870919922137425e+00 6.931471805599452862e-01 0.000000000000000000e+00 0.000000000000000000e+00 0.000000000000000000e+00 0.000000000000000000e+00 0.000000000000000000e+00
6.200509174042689864e+00 0.000000000000000000e+00 0.000000000000000000e+00 0.000000000000000000e+00 0.000000000000000000e+00 0.000000000000000000e+00 0.000000000000000000e+00
6.161207321695076899e+00 0.000000000000000000e+00 0.000000000000000000e+00 0.000000000000000000e+00 0.000000000000000000e+00 0.000000000000000000e+00 0.000000000000000000e+00
6.135564891081738637e+00 6.931471805599452862e-01 0.000000000000000000e+00 0.000000000000000000e+00 0.000000000000000000e+00 0.000000000000000000e+00 0.000000000000000000e+00
6.111467339502678620e+00 0.000000000000000000e+00 0.000000000000000000e+00 0.000000000000000000e+00 0.000000000000000000e+00 0.000000000000000000e+00 0.000000000000000000e+00
6.154858094016417702e+00 0.000000000000000000e+00 0.000000000000000000e+00 0.000000000000000000e+00 0.000000000000000000e+00 0.000000000000000000e+00 0.000000000000000000e+00
6.135564891081738637e+00 0.000000000000000000e+00 0.000000000000000000e+00 0.000000000000000000e+00 0.000000000000000000e+00 0.000000000000000000e+00 0.000000000000000000e+00
6.120297418950950252e+00 0.000000000000000000e+00 0.000000000000000000e+00 0.000000000000000000e+00 0.000000000000000000e+00 0.000000000000000000e+00 0.000000000000000000e+00
6.184148890937483323e+00 0.000000000000000000e+00 0.000000000000000000e+00 0.000000000000000000e+00 0.000000000000000000e+00 0.000000000000000000e+00 0.000000000000000000e+00
5.961005339623273613e+00 6.931471805599452862e-01 0.000000000000000000e+00 0.000000000000000000e+00 0.000000000000000000e+00 0.000000000000000000e+00 0.000000000000000000e+00
6.111467339502678620e+00 0.000000000000000000e+00 0.000000000000000000e+00 0.000000000000000000e+00 0.000000000000000000e+00 0.000000000000000000e+00 0.000000000000000000e+00
6.198478716492307861e+00 0.000000000000000000e+00 0.000000000000000000e+00 0.000000000000000000e+00 0.000000000000000000e+00 0.000000000000000000e+00 0.000000000000000000e+00
6.124683390894205104e+00 0.000000000000000000e+00 0.000000000000000000e+00 0.000000000000000000e+00 0.000000000000000000e+00 0.000000000000000000e+00 0.000000000000000000e+00
6.206575926724927861e+00 0.000000000000000000e+00 0.000000000000000000e+00 0.000000000000000000e+00 0.000000000000000000e+00 0.000000000000000000e+00 0.000000000000000000e+00
6.156978985585555009e+00 0.000000000000000000e+00 0.000000000000000000e+00 0.000000000000000000e+00 0.000000000000000000e+00 0.000000000000000000e+00 0.000000000000000000e+00
6.208590026096628911e+00 0.000000000000000000e+00 0.000000000000000000e+00 0.000000000000000000e+00 0.000000000000000000e+00 0.000000000000000000e+00 0.000000000000000000e+00
5.948034989180645660e+00 1.386294361119890572e+00 0.000000000000000000e+00 0.000000000000000000e+00 0.000000000000000000e+00 0.000000000000000000e+00 0.000000000000000000e+00
3.931825632724325725e+00 3.891820298110626464e+00 2.079441541679835748e+00 0.000000000000000000e+00 0.000000000000000000e+00 0.000000000000000000e+00 0.000000000000000000e+00
4.219507705176106960e+00 3.663561646129646299e+00 2.079441541679835748e+00 0.000000000000000000e+00 0.000000000000000000e+00 0.000000000000000000e+00 0.000000000000000000e+00
4.454347296253507338e+00 3.713572066704307950e+00 0.000000000000000000e+00 0.000000000000000000e+00 0.000000000000000000e+00 0.000000000000000000e+00 0.000000000000000000e+00
4.158883083359671495e+00 3.737669618283368411e+00 1.098612288668109782e+00 0.000000000000000000e+00 0.000000000000000000e+00 0.000000000000000000e+00 0.000000000000000000e+00
4.043051267834550266e+00 3.828641396489095072e+00 1.098612288668109782e+00 0.000000000000000000e+00 0.000000000000000000e+00 0.000000000000000000e+00 0.000000000000000000e+00
4.094344562222100414e+00 3.912023005428145961e+00 0.000000000000000000e+00 0.000000000000000000e+00 0.000000000000000000e+00 0.000000000000000000e+00 0.000000000000000000e+00
4.634728988229635860e+00 3.583518938456109915e+00 6.931471805599452862e-01 0.000000000000000000e+00 0.000000000000000000e+00 0.000000000000000000e+00 0.000000000000000000e+00
4.727387818712340817e+00 3.178053830347945752e+00 2.079441541679835748e+00 0.000000000000000000e+00 0.000000000000000000e+00 0.000000000000000000e+00 0.000000000000000000e+00
3.912023005428145961e+00 3.871201010907891149e+00 1.791759469228054957e+00 0.000000000000000000e+00 0.000000000000000000e+00 0.000000000000000000e+00 0.000000000000000000e+00
4.477336814478206861e+00 3.713572066704307950e+00 1.945910149055313232e+00 0.000000000000000000e+00 0.000000000000000000e+00 0.000000000000000000e+00 0.000000000000000000e+00
3.912023005428145961e+00 3.988984046564274522e+00 1.609437912434100282e+00 0.000000000000000000e+00 0.000000000000000000e+00 0.000000000000000000e+00 0.000000000000000000e+00
4.219507705176106960e+00 3.737669618283368411e+00 2.197224577336219564e+00 0.000000000000000000e+00 0.000000000000000000e+00 0.000000000000000000e+00 0.000000000000000000e+00
3.806662489770319624e+00 4.127134385045091669e+00 1.098612288668109782e+00 0.000000000000000000e+00 0.000000000000000000e+00 0.000000000000000000e+00 0.000000000000000000e+00
4.488636369732139642e+00 3.688879454113936252e+00 1.945910149055313232e+00 0.000000000000000000e+00 0.000000000000000000e+00 0.000000000000000000e+00 0.000000000000000000e+00
4.564348191467836102e+00 3.713572066704307950e+00 0.000000000000000000e+00 0.000000000000000000e+00 0.000000000000000000e+00 0.000000000000000000e+00 0.000000000000000000e+00
4.663439094112066918e+00 3.637586159726385659e+00 0.000000000000000000e+00 0.000000000000000000e+00 0.000000000000000000e+00 0.000000000000000000e+00 0.000000000000000000e+00
4.718498871295094155e+00 3.258096538021482136e+00 0.000000000000000000e+00 0.000000000000000000e+00 0.000000000000000000e+00 0.000000000000000000e+00 0.000000000000000000e+00
3.891820298110626464e+00 3.828641396489095072e+00 2.197224577336219564e+00 0.000000000000000000e+00 0.000000000000000000e+00 0.000000000000000000e+00 0.000000000000000000e+00
3.784189633918261020e+00 4.025351690735149646e+00 1.098612288668109782e+00 0.000000000000000000e+00 0.000000000000000000e+00 0.000000000000000000e+00 0.000000000000000000e+00
4.779123493111529619e+00 3.526360524616161563e+00 0.000000000000000000e+00 0.000000000000000000e+00 0.000000000000000000e+00 0.000000000000000000e+00 0.000000000000000000e+00
4.007333185232471173e+00 3.891820298110626464e+00 2.197224577336219564e+00 0.000000000000000000e+00 0.000000000000000000e+00 0.000000000000000000e+00 0.000000000000000000e+00
4.499809670330265021e+00 3.871201010907891149e+00 0.000000000000000000e+00 0.000000000000000000e+00 0.000000000000000000e+00 0.000000000000000000e+00 0.000000000000000000e+00
4.787491742782045812e+00 3.663561646129646299e+00 6.931471805599452862e-01 0.000000000000000000e+00 0.000000000000000000e+00 0.000000000000000000e+00 0.000000000000000000e+00
4.077537443905719705e+00 3.891820298110626464e+00 6.931471805599452862e-01 0.000000000000000000e+00 0.000000000000000000e+00 0.000000000000000000e+00 0.000000000000000000e+00
3.891820298110626464e+00 4.025351690735149646e+00 1.945910149055313232e+00 0.000000000000000000e+00 0.000000000000000000e+00 0.000000000000000000e+00 0.000000000000000000e+00
0.000000000000000000e+00 3.637586159726385659e+00 4.882801922586370580e+00 2.708050201102210064e+00 0.000000000000000000e+00 0.000000000000000000e+00 0.000000000000000000e+00
0.000000000000000000e+00 1.098612288668109782e+00 4.700480365792416571e+00 5.398162701517752460e+00 3.433987204485146272e+00 0.000000000000000000e+00 0.000000000000000000e+00
0.000000000000000000e+00 3.401197381662155461e+00 4.779123493111529619e+00 3.367295829986474143e+00 1.098612288668109782e+00 0.000000000000000000e+00 0.000000000000000000e+00
0.000000000000000000e+00 2.397895272798370669e+00 5.003946305945459194e+00 4.564348191467836102e+00 6.931471805599452862e-01 0.000000000000000000e+00 0.000000000000000000e+00
0.000000000000000000e+00 2.890371757896164517e+00 4.941642422609303864e+00 4.406719247264253347e+00 6.931471805599452862e-01 0.000000000000000000e+00 0.000000000000000000e+00
0.000000000000000000e+00 2.772588722239781145e+00 5.043425116919246776e+00 4.442651256490316669e+00 2.639057329615258407e+00 1.098612288668109782e+00 0.000000000000000000e+00
0.000000000000000000e+00 6.931471805599452862e-01 4.882801922586370580e+00 5.303304908059075728e+00 4.290459441148390951e+00 2.302585092994045901e+00 0.000000000000000000e+00
0.000000000000000000e+00 3.178053830347945752e+00 5.117993812416755439e+00 3.583518938456109915e+00 6.931471805599452862e-01 0.000000000000000000e+00 0.000000000000000000e+00
0.000000000000000000e+00 3.988984046564274522e+00 4.543294782270003829e+00 2.995732273553990854e+00 0.000000000000000000e+00 0.000000000000000000e+00 0.000000000000000000e+00
0.000000000000000000e+00 3.178053830347945752e+00 5.049856007249537093e+00 3.526360524616161563e+00 0.000000000000000000e+00 0.000000000000000000e+00 0.000000000000000000e+00
0.000000000000000000e+00 3.178053830347945752e+00 4.919980925828125073e+00 3.713572066704307950e+00 0.000000000000000000e+00 0.000000000000000000e+00 0.000000000000000000e+00
0.000000000000000000e+00 3.806662489770319624e+00 4.574710978503382819e+00 2.890371757896164517e+00 1.791759469228054957e+00 0.000000000000000000e+00 0.000000000000000000e+00
0.000000000000000000e+00 1.791759469228054957e+00 5.181783550292085039e+00 4.770684624465665102e+00 2.302585092994045901e+00 0.000000000000000000e+00 0.000000000000000000e+00
0.000000000000000000e+00 3.891820298110626464e+00 4.691347882229143451e+00 3.401197381662155461e+00 0.000000000000000000e+00 0.000000000000000000e+00 0.000000000000000000e+00
0.000000000000000000e+00 3.583518938456109915e+00 4.672828834461905778e+00 2.833213344056216165e+00 0.000000000000000000e+00 0.000000000000000000e+00 0.000000000000000000e+00
1.098612288668109782e+00 3.218875824868200564e+00 5.062595033026966895e+00 3.784189633918261020e+00 1.386294361119890572e+00 0.000000000000000000e+00 0.000000000000000000e+00
0.000000000000000000e+00 3.555348061489413514e+00 4.820281565605037066e+00 4.382026634673881205e+00 2.197224577336219564e+00 0.000000000000000000e+00 0.000000000000000000e+00
6.931471805599452862e-01 3.891820298110626464e+00 4.663439094112066918e+00 3.401197381662155461e+00 6.931471805599452862e-01 0.000000000000000000e+00 0.000000000000000000e+00
0.000000000000000000e+00 3.610917912644224348e+00 4.828313737302301512e+00 3.637586159726385659e+00 1.791759469228054957e+00 0.000000000000000000e+00 0.000000000000000000e+00
0.000000000000000000e+00 3.332204510175203804e+00 4.897839799950911122e+00 3.784189633918261020e+00 1.791759469228054957e+00 0.000000000000000000e+00 0.000000000000000000e+00
0.000000000000000000e+00 1.609437912434100282e+00 4.770684624465665102e+00 5.463831805025610500e+00 3.218875824868200564e+00 0.000000000000000000e+00 0.000000000000000000e+00
6.931471805599452862e-01 4.077537443905719705e+00 4.736198448394495664e+00 3.258096538021482136e+00 0.000000000000000000e+00 0.000000000000000000e+00 0.000000000000000000e+00
0.000000000000000000e+00 1.609437912434100282e+00 5.231108616854586835e+00 4.867534450455582196e+00 2.484906649788000355e+00 0.000000000000000000e+00 0.000000000000000000e+00
6.931471805599452862e-01 3.688879454113936252e+00 4.962844630259906964e+00 3.583518938456109915e+00 1.098612288668109782e+00 0.000000000000000000e+00 0.000000000000000000e+00
0.000000000000000000e+00 3.091042453358316067e+00 5.030437921392435285e+00 3.688879454113936252e+00 0.000000000000000000e+00 0.000000000000000000e+00 0.000000000000000000e+00
0.000000000000000000e+00 0.000000000000000000e+00 1.609437912434100282e+00 5.746203190540152939e+00 6.956545443151568975e+00 5.958424693029781949e+00 2.995732273553990854e+00
0.000000000000000000e+00 0.000000000000000000e+00 2.995732273553990854e+00 5.916202062607434975e+00 6.925595197110467893e+00 5.393627546352361968e+00 2.772588722239781145e+00
0.000000000000000000e+00 0.000000000000000000e+00 2.890371757896164517e+00 6.084499413075171503e+00 6.739336627357173981e+00 5.043425116919246776e+00 6.931471805599452862e-01
0.000000000000000000e+00 0.000000000000000000e+00 2.772588722239781145e+00 6.224558429275360183e+00 6.683360945766274597e+00 4.804021044733256751e+00 0.000000000000000000e+00
0.000000000000000000e+00 0.000000000000000000e+00 3.044522437723423014e+00 5.908082938168931264e+00 6.753437918597779976e+00 5.030437921392435285e+00 1.945910149055313232e+00
0.000000000000000000e+00 0.000000000000000000e+00 3.091042453358316067e+00 6.129050210060545290e+00 6.538139823767670222e+00 5.075173815233826602e+00 0.000000000000000000e+00
0.000000000000000000e+00 0.000000000000000000e+00 2.197224577336219564e+00 5.863631175598096767e+00 7.257707677160042614e+00 6.304448802421981135e+00 3.258096538021482136e+00
0.000000000000000000e+00 0.000000000000000000e+00 2.564949357461536739e+00 5.837730447165939474e+00 7.144407180321138640e+00 6.186208623900493642e+00 3.178053830347945752e+00
0.000000000000000000e+00 0.000000000000000000e+00 2.564949357461536739e+00 5.929589143389894623e+00 7.163172390846642479e+00 6.196444127794520362e+00 4.143134726391532574e+00
0.000000000000000000e+00 0.000000000000000000e+00 1.609437912434100282e+00 5.910796644040527070e+00 7.008505182082280349e+00 5.572154032177764726e+00 1.945910149055313232e+00
0.000000000000000000e+00 0.000000000000000000e+00 3.555348061489413514e+00 5.894402834264850455e+00 6.464588303689961180e+00 5.003946305945459194e+00 2.197224577336219564e+00
0.000000000000000000e+00 0.000000000000000000e+00 2.302585092994045901e+00 5.583496308781699113e+00 7.057897937411856226e+00 6.711740395056179587e+00 4.343805421853684123e+00
0.000000000000000000e+00 0.000000000000000000e+00 2.944438979166440262e+00 6.173786103901936606e+00 6.507277712385011625e+00 4.795790545596741339e+00 6.931471805599452862e-01
0.000000000000000000e+00 0.000000000000000000e+00 1.945910149055313232e+00 6.011267174404161473e+00 7.001245622069475871e+00 5.645446897643237705e+00 2.639057329615258407e+00
0.000000000000000000e+00 0.000000000000000000e+00 3.091042453358316067e+00 6.093569770045135670e+00 6.787844982309579223e+00 5.652489180268650770e+00 2.944438979166440262e+00
0.000000000000000000e+00 0.000000000000000000e+00 3.218875824868200564e+00 6.001414877961150474e+00 6.391917113392602268e+00 4.820281565605037066e+00 1.609437912434100282e+00
0.000000000000000000e+00 0.000000000000000000e+00 2.772588722239781145e+00 5.669880922980519600e+00 7.159291904797564499e+00 6.919683849847411139e+00 4.430816798843313364e+00
0.000000000000000000e+00 0.000000000000000000e+00 1.791759469228054957e+00 5.932245187448010881e+00 6.994849985833070605e+00 5.669880922980519600e+00 1.945910149055313232e+00
0.000000000000000000e+00 0.000000000000000000e+00 2.302585092994045901e+00 6.079933195095589937e+00 6.975413927455951679e+00 6.156978985585555009e+00 4.369447852467021498e+00
0.000000000000000000e+00 0.000000000000000000e+00 2.890371757896164517e+00 6.068425588244110713e+00 6.898714534329988268e+00 5.641907070938113833e+00 2.079441541679835748e+00
0.000000000000000000e+00 0.000000000000000000e+00 1.791759469228054957e+00 5.746203190540152939e+00 7.032624261028006529e+00 6.715383386334680793e+00 4.454347296253507338e+00
0.000000000000000000e+00 0.000000000000000000e+00 2.995732273553990854e+00 6.075346031088684207e+00 6.986566459406426510e+00 5.351858133476066648e+00 1.386294361119890572e+00
0.000000000000000000e+00 0.000000000000000000e+00 3.178053830347945752e+00 5.897153867636740543e+00 7.070724107260276448e+00 5.717027701406221851e+00 2.833213344056216165e+00
0.000000000000000000e+00 0.000000000000000000e+00 3.367295829986474143e+00 6.025865973825314192e+00 6.634633357861686065e+00 4.510859506516849748e+00 1.098612288668109782e+00
0.000000000000000000e+00 0.000000000000000000e+00 3.891820298110626464e+00 5.926926025970410628e+00 6.380122536899764718e+00 4.867534450455582196e+00 1.945910149055313232e+00
0.000000000000000000e+00 7.665284718471350622e+00 6.931471805599452862e-01 0.000000000000000000e+00 0.000000000000000000e+00 0.000000000000000000e+00 0.000000000000000000e+00
0.000000000000000000e+00 7.482118923552115497e+00 1.098612288668109782e+00 0.000000000000000000e+00 0.000000000000000000e+00 0.000000000000000000e+00 0.000000000000000000e+00
0.000000000000000000e+00 7.666690200080085837e+00 1.098612288668109782e+00 0.000000000000000000e+00 0.000000000000000000e+00 0.000000000000000000e+00 0.000000000000000000e+00
0.000000000000000000e+00 7.237778191923442961e+00 0.000000000000000000e+00 0.000000000000000000e+00 0.000000000000000000e+00 0.000000000000000000e+00 0.000000000000000000e+00
0.000000000000000000e+00 7.238496840894365292e+00 0.000000000000000000e+00 0.000000000000000000e+00 0.000000000000000000e+00 0.000000000000000000e+00 0.000000000000000000e+00
0.000000000000000000e+00 7.781973234434384601e+00 1.609437912434100282e+00 0.000000000000000000e+00 0.000000000000000000e+00 0.000000000000000000e+00 0.000000000000000000e+00
0.000000000000000000e+00 7.501082124259871087e+00 0.000000000000000000e+00 0.000000000000000000e+00 0.000000000000000000e+00 0.000000000000000000e+00 0.000000000000000000e+00
0.000000000000000000e+00 7.486052617863140135e+00 0.000000000000000000e+00 0.000000000000000000e+00 0.000000000000000000e+00 0.000000000000000000e+00 0.000000000000000000e+00
0.000000000000000000e+00 7.787382026484700681e+00 0.000000000000000000e+00 0.000000000000000000e+00 0.000000000000000000e+00 0.000000000000000000e+00 0.000000000000000000e+00
0.000000000000000000e+00 7.234898420314831213e+00 0.000000000000000000e+00 0.000000000000000000e+00 0.000000000000000000e+00 0.000000000000000000e+00 0.000000000000000000e+00
0.000000000000000000e+00 7.228388451573604101e+00 0.000000000000000000e+00 0.000000000000000000e+00 0.000000000000000000e+00 0.000000000000000000e+00 0.000000000000000000e+00
0.000000000000000000e+00 7.675546002537847912e+00 0.000000000000000000e+00 0.000000000000000000e+00 0.000000000000000000e+00 0.000000000000000000e+00 0.000000000000000000e+00
0.000000000000000000e+00 7.777792626338830395e+00 0.000000000000000000e+00 0.000000000000000000e+00 0.000000000000000000e+00 0.000000000000000000e+00 0.000000000000000000e+00
0.000000000000000000e+00 7.250635511898679830e+00 0.000000000000000000e+00 0.000000000000000000e+00 0.000000000000000000e+00 0.000000000000000000e+00 0.000000000000000000e+00
0.000000000000000000e+00 7.241366283322317798e+00 0.000000000000000000e+00 0.000000000000000000e+00 0.000000000000000000e+00 0.000000000000000000e+00 0.000000000000000000e+00
0.000000000000000000e+00 7.491645473605132999e+00 0.000000000000000000e+00 0.000000000000000000e+00 0.000000000000000000e+00 0.000000000000000000e+00 0.000000000000000000e+00
0.000000000000000000e+00 7.666221925662725312e+00 0.000000000000000000e+00 0.000000000000000000e+00 0.000000000000000000e+00 0.000000000000000000e+00 0.000000000000000000e+00
0.000000000000000000e+00 7.671360923190643888e+00 0.000000000000000000e+00 0.000000000000000000e+00 0.000000000000000000e+00 0.000000000000000000e+00 0.000000000000000000e+00
0.000000000000000000e+00 7.796057974316123129e+00 6.931471805599452862e-01 0.000000000000000000e+00 0.000000000000000000e+00 0.000000000000000000e+00 0.000000000000000000e+00
0.000000000000000000e+00 7.669028288589682774e+00 0.000000000000000000e+00 0.000000000000000000e+00 0.000000000000000000e+00 0.000000000000000000e+00 0.000000000000000000e+00
0.000000000000000000e+00 7.243512974665481607e+00 0.000000000000000000e+00 0.000000000000000000e+00 0.000000000000000000e+00 0.000000000000000000e+00 0.000000000000000000e+00
0.000000000000000000e+00 7.786551806428711586e+00 0.000000000000000000e+00 0.000000000000000000e+00 0.000000000000000000e+00 0.000000000000000000e+00 0.000000000000000000e+00
0.000000000000000000e+00 7.657282792978190145e+00 0.000000000000000000e+00 0.000000000000000000e+00 0.000000000000000000e+00 0.000000000000000000e+00 0.000000000000000000e+00
0.000000000000000000e+00 7.654917047848320166e+00 6.931471805599452862e-01 0.000000000000000000e+00 0.000000000000000000e+00 0.000000000000000000e+00 0.000000000000000000e+00
0.000000000000000000e+00 7.489412083508718787e+00 6.931471805599452862e-01 0.000000000000000000e+00 0.000000000000000000e+00 0.000000000000000000e+00 0.000000000000000000e+00
0.000000000000000000e+00 6.752270376141741970e+00 7.659642954564682249e+00 6.931471805599452862e-01 0.000000000000000000e+00 0.000000000000000000e+00 0.000000000000000000e+00
0.000000000000000000e+00 6.734591659972948285e+00 7.544861068658457626e+00 6.931471805599452862e-01 0.000000000000000000e+00 0.000000000000000000e+00 0.000000000000000000e+00
0.000000000000000000e+00 7.593877844605118277e+00 5.463831805025610500e+00 0.000000000000000000e+00 0.000000000000000000e+00 0.000000000000000000e+00 0.000000000000000000e+00
0.000000000000000000e+00 6.587550014824795852e+00 7.745002803515839140e+00 1.098612288668109782e+00 0.000000000000000000e+00 0.000000000000000000e+00 0.000000000000000000e+00
0.000000000000000000e+00 7.724004656676065395e+00 4.663439094112066918e+00 0.000000000000000000e+00 0.000000000000000000e+00 0.000000000000000000e+00 0.000000000000000000e+00
0.000000000000000000e+00 6.742880635791903110e+00 7.688455356549943609e+00 0.000000000000000000e+00 0.000000000000000000e+00 0.000000000000000000e+00 0.000000000000000000e+00
0.000000000000000000e+00 7.300472814267799038e+00 6.556778356158042165e+00 0.000000000000000000e+00 0.000000000000000000e+00 0.000000000000000000e+00 0.000000000000000000e+00
0.000000000000000000e+00 7.610357618312837857e+00 5.147494476813452735e+00 0.000000000000000000e+00 0.000000000000000000e+00 0.000000000000000000e+00 0.000000000000000000e+00
0.000000000000000000e+00 7.050122520269058946e+00 7.112327444710911273e+00 0.000000000000000000e+00 0.000000000000000000e+00 0.000000000000000000e+00 0.000000000000000000e+00
0.000000000000000000e+00 6.990256500493880587e+00 7.082548569355299861e+00 0.000000000000000000e+00 0.000000000000000000e+00 0.000000000000000000e+00 0.000000000000000000e+00
0.000000000000000000e+00 6.711740395056179587e+00 7.684783943522784710e+00 0.000000000000000000e+00 0.000000000000000000e+00 0.000000000000000000e+00 0.000000000000000000e+00
0.000000000000000000e+00 6.788971742992170100e+00 7.474772182397869891e+00 0.000000000000000000e+00 0.000000000000000000e+00 0.000000000000000000e+00 0.000000000000000000e+00
0.000000000000000000e+00 7.315883504509785418e+00 6.508769136971682023e+00 0.000000000000000000e+00 0.000000000000000000e+00 0.000000000000000000e+00 0.000000000000000000e+00
0.000000000000000000e+00 6.496774990185862464e+00 7.830822995135315878e+00 1.386294361119890572e+00 0.000000000000000000e+00 0.000000000000000000e+00 0.000000000000000000e+00
0.000000000000000000e+00 7.402451520818243758e+00 6.040254711277413868e+00 0.000000000000000000e+00 0.000000000000000000e+00 0.000000000000000000e+00 0.000000000000000000e+00
0.000000000000000000e+00 6.810142450115136192e+00 7.492203042618741371e+00 0.000000000000000000e+00 0.000000000000000000e+00 0.000000000000000000e+00 0.000000000000000000e+00
0.000000000000000000e+00 7.349230824613334434e+00 6.274762021241938825e+00 0.000000000000000000e+00 0.000000000000000000e+00 0.000000000000000000e+00 0.000000000000000000e+00
0.000000000000000000e+00 7.609862200913553920e+00 5.323009979138408454e+00 0.000000000000000000e+00 0.000000000000000000e+00 0.000000000000000000e+00 0.000000000000000000e+00
0.000000000000000000e+00 7.422971251049420793e+00 6.104793232414984949e+00 0.000000000000000000e+00 0.000000000000000000e+00 0.000000000000000000e+00 0.000000000000000000e+00
0.000000000000000000e+00 7.036148493750536304e+00 6.942156705699469299e+00 0.000000000000000000e+00 0.000000000000000000e+00 0.000000000000000000e+00 0.000000000000000000e+00
0.000000000000000000e+00 6.782192056006791425e+00 7.412764017426562546e+00 0.000000000000000000e+00 0.000000000000000000e+00 0.000000000000000000e+00 0.000000000000000000e+00
0.000000000000000000e+00 7.655390644826152169e+00 5.159055299214529100e+00 0.000000000000000000e+00 0.000000000000000000e+00 0.000000000000000000e+00 0.000000000000000000e+00
0.000000000000000000e+00 6.974478911025045136e+00 7.122866658599082967e+00 6.931471805599452862e-01 0.000000000000000000e+00 0.000000000000000000e+00 0.000000000000000000e+00
0.000000000000000000e+00 7.044032897274685290e+00 7.063048163388172540e+00 0.000000000000000000e+00 0.000000000000000000e+00 0.000000000000000000e+00 0.000000000000000000e+00
0.000000000000000000e+00 7.204892510204673250e+00 6.529418838262225577e+00 0.000000000000000000e+00 0.000000000000000000e+00 0.000000000000000000e+00 0.000000000000000000e+00
0.000000000000000000e+00 5.765191102784844368e+00 8.679482094459956443e+00 1.098612288668109782e+00 0.000000000000000000e+00 0.000000000000000000e+00 0.000000000000000000e+00
0.000000000000000000e+00 5.347107530717468471e+00 9.003562174748237723e+00 3.988984046564274522e+00 0.000000000000000000e+00 0.000000000000000000e+00 0.000000000000000000e+00
0.000000000000000000e+00 5.537334267018536593e+00 8.884056061742459320e+00 3.433987204485146272e+00 0.000000000000000000e+00 0.000000000000000000e+00 0.000000000000000000e+00
0.000000000000000000e+00 4.927253685157205076e+00 9.149421957006765638e+00 3.951243718581427533e+00 0.000000000000000000e+00 0.000000000000000000e+00 0.000000000000000000e+00
0.000000000000000000e+00 5.135798437050262066e+00 9.149421957006765638e+00 4.276666119016055312e+00 0.000000000000000000e+00 0.000000000000000000e+00 0.000000000000000000e+00
0.000000000000000000e+00 4.905274778438429628e+00 9.130647603066934792e+00 4.852030263919616893e+00 0.000000000000000000e+00 0.000000000000000000e+00 0.000000000000000000e+00
0.000000000000000000e+00 4.962844630259906964e+00 9.156728602527532956e+00 3.891820298110626464e+00 0.000000000000000000e+00 0.000000000000000000e+00 0.000000000000000000e+00
0.000000000000000000e+00 5.451038453565700159e+00 8.874028122556335774e+00 3.583518938456109915e+00 0.000000000000000000e+00 0.000000000000000000e+00 0.000000000000000000e+00
0.000000000000000000e+00 5.655991810819852361e+00 8.721928343047091303e+00 1.945910149055313232e+00 0.000000000000000000e+00 0.000000000000000000e+00 0.000000000000000000e+00
0.000000000000000000e+00 5.613128106388070471e+00 8.696844519654312933e+00 1.098612288668109782e+00 0.000000000000000000e+00 0.000000000000000000e+00 0.000000000000000000e+00
0.000000000000000000e+00 4.859812404361671945e+00 9.171703488361265144e+00 4.234106504597259679e+00 0.000000000000000000e+00 0.000000000000000000e+00 0.000000000000000000e+00
0.000000000000000000e+00 4.691347882229143451e+00 9.146548238888403404e+00 4.804021044733256751e+00 0.000000000000000000e+00 0.000000000000000000e+00 0.000000000000000000e+00
0.000000000000000000e+00 5.308267697401205076e+00 9.012620873002131106e+00 3.258096538021482136e+00 0.000000000000000000e+00 0.000000000000000000e+00 0.000000000000000000e+00
0.000000000000000000e+00 5.214935757608985867e+00 8.981932990986873477e+00 4.317488113536310124e+00 0.000000000000000000e+00 0.000000000000000000e+00 0.000000000000000000e+00
0.000000000000000000e+00 4.897839799950911122e+00 9.123801610558944120e+00 4.927253685157205076e+00 0.000000000000000000e+00 0.000000000000000000e+00 0.000000000000000000e+00
0.000000000000000000e+00 4.955827057601260854e+00 9.133243321591216102e+00 3.295836866004329124e+00 0.000000000000000000e+00 0.000000000000000000e+00 0.000000000000000000e+00
0.000000000000000000e+00 5.509388336627977445e+00 8.856233556143159547e+00 2.197224577336219564e+00 0.000000000000000000e+00 0.000000000000000000e+00 0.000000000000000000e+00
0.000000000000000000e+00 4.882801922586370580e+00 9.133135301067211387e+00 4.653960350157523074e+00 0.000000000000000000e+00 0.000000000000000000e+00 0.000000000000000000e+00
0.000000000000000000e+00 4.962844630259906964e+00 9.117786390365575144e+00 4.127134385045091669e+00 0.000000000000000000e+00 0.000000000000000000e+00 0.000000000000000000e+00
0.000000000000000000e+00 4.983606621708336348e+00 9.125980023358110316e+00 4.770684624465665102e+00 0.000000000000000000e+00 0.000000000000000000e+00 0.000000000000000000e+00
0.000000000000000000e+00 5.170483995038151370e+00 9.047233034106032079e+00 3.583518938456109915e+00 0.000000000000000000e+00 0.000000000000000000e+00 0.000000000000000000e+00
0.000000000000000000e+00 5.411646051855039552e+00 8.923724397706399358e+00 3.091042453358316067e+00 0.000000000000000000e+00 0.000000000000000000e+00 0.000000000000000000e+00
0.000000000000000000e+00 4.672828834461905778e+00 9.114820170118770548e+00 4.844187086458591196e+00 0.000000000000000000e+00 0.000000000000000000e+00 0.000000000000000000e+00
0.000000000000000000e+00 5.225746673713201673e+00 9.050875597325156008e+00 3.951243718581427533e+00 0.000000000000000000e+00 0.000000000000000000e+00 0.000000000000000000e+00
0.000000000000000000e+00 5.141663556502660271e+00 9.058703197313223043e+00 3.951243718581427533e+00 0.000000000000000000e+00 0.000000000000000000e+00 0.000000000000000000e+00
0.000000000000000000e+00 4.143134726391532574e+00 9.417923485172336129e+00 5.332718793265368795e+00 0.000000000000000000e+00 0.000000000000000000e+00 0.000000000000000000e+00
0.000000000000000000e+00 3.637586159726385659e+00 9.464594918315444971e+00 6.475432716704090375e+00 1.945910149055313232e+00 0.000000000000000000e+00 0.000000000000000000e+00
0.000000000000000000e+00 4.060443010546419096e+00 9.436599066190538565e+00 6.177944114050600177e+00 0.000000000000000000e+00 0.000000000000000000e+00 0.000000000000000000e+00
0.000000000000000000e+00 4.077537443905719705e+00 9.493336482437248591e+00 5.411646051855039552e+00 0.000000000000000000e+00 0.000000000000000000e+00 0.000000000000000000e+00
0.000000000000000000e+00 3.610917912644224348e+00 9.469854424600042009e+00 6.453624998892691700e+00 1.098612288668109782e+00 0.000000000000000000e+00 0.000000000000000000e+00
0.000000000000000000e+00 3.663561646129646299e+00 9.481664377815144817e+00 6.289715570908997577e+00 0.000000000000000000e+00 0.000000000000000000e+00 0.000000000000000000e+00
0.000000000000000000e+00 4.219507705176106960e+00 9.320539164274258326e+00 5.590986980510856519e+00 0.000000000000000000e+00 0.000000000000000000e+00 0.000000000000000000e+00
0.000000000000000000e+00 3.951243718581427533e+00 9.463586267106835592e+00 5.774551545544408526e+00 6.931471805599452862e-01 0.000000000000000000e+00 0.000000000000000000e+00
0.000000000000000000e+00 4.007333185232471173e+00 9.369563877524161200e+00 6.306275286948015868e+00 1.098612288668109782e+00 0.000000000000000000e+00 0.000000000000000000e+00
0.000000000000000000e+00 4.442651256490316669e+00 9.326967183907902026e+00 5.669880922980519600e+00 0.000000000000000000e+00 0.000000000000000000e+00 0.000000000000000000e+00
0.000000000000000000e+00 4.406719247264253347e+00 9.305468717067759243e+00 5.384495062789088848e+00 0.000000000000000000e+00 0.000000000000000000e+00 0.000000000000000000e+00
0.000000000000000000e+00 3.931825632724325725e+00 9.367429587218957465e+00 5.777652323222656428e+00 0.000000000000000000e+00 0.000000000000000000e+00 0.000000000000000000e+00
0.000000000000000000e+00 3.784189633918261020e+00 9.488880786510680565e+00 5.736572297479192173e+00 0.000000000000000000e+00 0.000000000000000000e+00 0.000000000000000000e+00
0.000000000000000000e+00 4.127134385045091669e+00 9.314249835366695152e+00 5.293304824724492263e+00 0.000000000000000000e+00 0.000000000000000000e+00 0.000000000000000000e+00
0.000000000000000000e+00 4.584967478670572305e+00 9.314430080500564202e+00 4.859812404361671945e+00 0.000000000000000000e+00 0.000000000000000000e+00 0.000000000000000000e+00
0.000000000000000000e+00 4.204692619390965724e+00 9.332380997885207918e+00 5.991464547107981709e+00 1.098612288668109782e+00 0.000000000000000000e+00 0.000000000000000000e+00
0.000000000000000000e+00 3.433987204485146272e+00 9.481130576757745843e+00 6.673297967767654271e+00 1.386294361119890572e+00 0.000000000000000000e+00 0.000000000000000000e+00
0.000000000000000000e+00 3.784189633918261020e+00 9.451323841418723504e+00 6.744059186311347709e+00 2.197224577336219564e+00 0.000000000000000000e+00 0.000000000000000000e+00
0.000000000000000000e+00 3.931825632724325725e+00 9.386979145634638755e+00 6.045005314036012045e+00 0.000000000000000000e+00 0.000000000000000000e+00 0.000000000000000000e+00
0.000000000000000000e+00 4.499809670330265021e+00 9.276876895776426935e+00 5.802118375377062875e+00 0.000000000000000000e+00 0.000000000000000000e+00 0.000000000000000000e+00
0.000000000000000000e+00 3.850147601710058431e+00 9.315510869581721920e+00 6.261491684321041973e+00 0.000000000000000000e+00 0.000000000000000000e+00 0.000000000000000000e+00
0.000000000000000000e+00 3.401197381662155461e+00 9.452894316810215969e+00 6.502790045915623374e+00 0.000000000000000000e+00 0.000000000000000000e+00 0.000000000000000000e+00
0.000000000000000000e+00 3.583518938456109915e+00 9.431642228411021733e+00 6.378426183651586534e+00 0.000000000000000000e+00 0.000000000000000000e+00 0.000000000000000000e+00
0.000000000000000000e+00 3.610917912644224348e+00 9.531843992903473506e+00 5.805134968916488170e+00 0.000000000000000000e+00 0.000000000000000000e+00 0.000000000000000000e+00
0.000000000000000000e+00 3.737669618283368411e+00 9.557681894733839556e+00 5.749392985908253095e+00 0.000000000000000000e+00 0.000000000000000000e+00 0.000000000000000000e+00
