0.000000000000000000e+00 7.530479995245536351e+00 0.000000000000000000e+00 0.000000000000000000e+00 0.000000000000000000e+00 0.000000000000000000e+00 0.000000000000000000e+00
4.795790545596741339e+00 3.713572066704307950e+00 0.000000000000000000e+00 0.000000000000000000e+00 0.000000000000000000e+00 0.000000000000000000e+00 0.000000000000000000e+00
5.874930730852030436e+00 0.000000000000000000e+00 0.000000000000000000e+00 0.000000000000000000e+00 0.000000000000000000e+00 0.000000000000000000e+00 0.000000000000000000e+00
4.356708826689591696e+00 4.543294782270003829e+00 0.000000000000000000e+00 0.000000000000000000e+00 0.000000000000000000e+00 0.000000000000000000e+00 0.000000000000000000e+00
0.000000000000000000e+00 7.417580402414544416e+00 0.000000000000000000e+00 0.000000000000000000e+00 0.000000000000000000e+00 0.000000000000000000e+00 0.000000000000000000e+00
0.000000000000000000e+00 7.339537695407674533e+00 0.000000000000000000e+00 0.000000000000000000e+00 0.000000000000000000e+00 0.000000000000000000e+00 0.000000000000000000e+00
5.690359454324060096e+00 0.000000000000000000e+00 0.000000000000000000e+00 0.000000000000000000e+00 0.000000000000000000e+00 0.000000000000000000e+00 0.000000000000000000e+00
0.000000000000000000e+00 7.161622002939187048e+00 0.000000000000000000e+00 0.000000000000000000e+00 0.000000000000000000e+00 0.000000000000000000e+00 0.000000000000000000e+00
5.198497031265826074e+00 1.945910149055313232e+00 0.000000000000000000e+00 0.000000000000000000e+00 0.000000000000000000e+00 0.000000000000000000e+00 0.000000000000000000e+00
0.000000000000000000e+00 7.521317980199239805e+00 0.000000000000000000e+00 0.000000000000000000e+00 0.000000000000000000e+00 0.000000000000000000e+00 0.000000000000000000e+00
1.098612288668109782e+00 6.758094504427730520e+00 0.000000000000000000e+00 0.000000000000000000e+00 0.000000000000000000e+00 0.000000000000000000e+00 0.000000000000000000e+00
6.049733455231957713e+00 0.000000000000000000e+00 0.000000000000000000e+00 0.000000000000000000e+00 0.000000000000000000e+00 0.000000000000000000e+00 0.000000000000000000e+00
4.663439094112066918e+00 3.737669618283368411e+00 0.000000000000000000e+00 0.000000000000000000e+00 0.000000000000000000e+00 0.000000000000000000e+00 0.000000000000000000e+00
6.931471805599452862e-01 6.927557906278316580e+00 0.000000000000000000e+00 0.000000000000000000e+00 0.000000000000000000e+00 0.000000000000000000e+00 0.000000000000000000e+00
6.156978985585555009e+00 0.000000000000000000e+00 0.000000000000000000e+00 0.000000000000000000e+00 0.000000000000000000e+00 0.000000000000000000e+00 0.000000000000000000e+00
0.000000000000000000e+00 7.318539548567901676e+00 0.000000000000000000e+00 0.000000000000000000e+00 0.000000000000000000e+00 0.000000000000000000e+00 0.000000000000000000e+00
4.043051267834550266e+00 4.867534450455582196e+00 0.000000000000000000e+00 0.000000000000000000e+00 0.000000000000000000e+00 0.000000000000000000e+00 0.000000000000000000e+00
0.000000000000000000e+00 7.491087593534875744e+00 0.000000000000000000e+00 0.000000000000000000e+00 0.000000000000000000e+00 0.000000000000000000e+00 0.000000000000000000e+00
5.283203728737988492e+00 2.079441541679835748e+00 0.000000000000000000e+00 0.000000000000000000e+00 0.000000000000000000e+00 0.000000000000000000e+00 0.000000000000000000e+00
6.115892125483034292e+00 0.000000000000000000e+00 0.000000000000000000e+00 0.000000000000000000e+00 0.000000000000000000e+00 0.000000000000000000e+00 0.000000000000000000e+00
6.931471805599452862e-01 7.312553498102597693e+00 0.000000000000000000e+00 0.000000000000000000e+00 0.000000000000000000e+00 0.000000000000000000e+00 0.000000000000000000e+00
5.283203728737988492e+00 0.000000000000000000e+00 0.000000000000000000e+00 0.000000000000000000e+00 0.000000000000000000e+00 0.000000000000000000e+00 0.000000000000000000e+00
0.000000000000000000e+00 7.062191632286555887e+00 0.000000000000000000e+00 0.000000000000000000e+00 0.000000000000000000e+00 0.000000000000000000e+00 0.000000000000000000e+00
2.079441541679835748e+00 5.976350909297933889e+00 0.000000000000000000e+00 0.000000000000000000e+00 0.000000000000000000e+00 0.000000000000000000e+00 0.000000000000000000e+00
6.931471805599452862e-01 6.870053411798125786e+00 0.000000000000000000e+00 0.000000000000000000e+00 0.000000000000000000e+00 0.000000000000000000e+00 0.000000000000000000e+00
0.000000000000000000e+00 8.238272624633030006e+00 2.639057329615258407e+00 0.000000000000000000e+00 0.000000000000000000e+00 0.000000000000000000e+00 0.000000000000000000e+00
0.000000000000000000e+00 8.164510268747042332e+00 1.609437912434100282e+00 0.000000000000000000e+00 0.000000000000000000e+00 0.000000000000000000e+00 0.000000000000000000e+00
0.000000000000000000e+00 8.222016437202196215e+00 3.295836866004329124e+00 0.000000000000000000e+00 0.000000000000000000e+00 0.000000000000000000e+00 0.000000000000000000e+00
0.000000000000000000e+00 8.220403099933729862e+00 2.995732273553990854e+00 0.000000000000000000e+00 0.000000000000000000e+00 0.000000000000000000e+00 0.000000000000000000e+00
0.000000000000000000e+00 8.261526448396468325e+00 2.484906649788000355e+00 0.000000000000000000e+00 0.000000000000000000e+00 0.000000000000000000e+00 0.000000000000000000e+00
0.000000000000000000e+00 8.220133957151858795e+00 2.197224577336219564e+00 0.000000000000000000e+00 0.000000000000000000e+00 0.000000000000000000e+00 0.000000000000000000e+00
0.000000000000000000e+00 8.219326093906090591e+00 2.890371757896164517e+00 0.000000000000000000e+00 0.000000000000000000e+00 0.000000000000000000e+00 0.000000000000000000e+00
0.000000000000000000e+00 8.207401833376355427e+00 1.945910149055313232e+00 0.000000000000000000e+00 0.000000000000000000e+00 0.000000000000000000e+00 0.000000000000000000e+00
0.000000000000000000e+00 8.236155661683124407e+00 2.708050201102210064e+00 0.000000000000000000e+00 0.000000000000000000e+00 0.000000000000000000e+00 0.000000000000000000e+00
0.000000000000000000e+00 8.235625719964311031e+00 2.708050201102210064e+00 0.000000000000000000e+00 0.000000000000000000e+00 0.000000000000000000e+00 0.000000000000000000e+00
0.000000000000000000e+00 8.246433786160364932e+00 3.555348061489413514e+00 0.000000000000000000e+00 0.000000000000000000e+00 0.000000000000000000e+00 0.000000000000000000e+00
0.000000000000000000e+00 8.199464197612160277e+00 1.386294361119890572e+00 0.000000000000000000e+00 0.000000000000000000e+00 0.000000000000000000e+00 0.000000000000000000e+00
0.000000000000000000e+00 8.232706009860976337e+00 2.995732273553990854e+00 0.000000000000000000e+00 0.000000000000000000e+00 0.000000000000000000e+00 0.000000000000000000e+00
0.000000000000000000e+00 8.257385655730436369e+00 2.484906649788000355e+00 0.000000000000000000e+00 0.000000000000000000e+00 0.000000000000000000e+00 0.000000000000000000e+00
0.000000000000000000e+00 8.195885391314796209e+00 3.526360524616161563e+00 0.000000000000000000e+00 0.000000000000000000e+00 0.000000000000000000e+00 0.000000000000000000e+00
0.000000000000000000e+00 8.254528881939744878e+00 3.178053830347945752e+00 0.000000000000000000e+00 0.000000000000000000e+00 0.000000000000000000e+00 0.000000000000000000e+00
0.000000000000000000e+00 8.239593454305968123e+00 2.302585092994045901e+00 0.000000000000000000e+00 0.000000000000000000e+00 0.000000000000000000e+00 0.000000000000000000e+00
0.000000000000000000e+00 8.264878262801747866e+00 2.484906649788000355e+00 0.000000000000000000e+00 0.000000000000000000e+00 0.000000000000000000e+00 0.000000000000000000e+00
0.000000000000000000e+00 8.217978203150732242e+00 2.890371757896164517e+00 0.000000000000000000e+00 0.000000000000000000e+00 0.000000000000000000e+00 0.000000000000000000e+00
0.000000000000000000e+00 8.217708406845305902e+00 3.433987204485146272e+00 0.000000000000000000e+00 0.000000000000000000e+00 0.000000000000000000e+00 0.000000000000000000e+00
0.000000000000000000e+00 8.244859395911255717e+00 2.708050201102210064e+00 0.000000000000000000e+00 0.000000000000000000e+00 0.000000000000000000e+00 0.000000000000000000e+00
0.000000000000000000e+00 8.190077049719048929e+00 0.000000000000000000e+00 0.000000000000000000e+00 0.000000000000000000e+00 0.000000000000000000e+00 0.000000000000000000e+00
0.000000000000000000e+00 8.230310799135020616e+00 3.610917912644224348e+00 0.000000000000000000e+00 0.000000000000000000e+00 0.000000000000000000e+00 0.000000000000000000e+00
0.000000000000000000e+00 8.230310799135020616e+00 3.135494215929149675e+00 0.000000000000000000e+00 0.000000000000000000e+00 0.000000000000000000e+00 0.000000000000000000e+00
0.000000000000000000e+00 8.238801165871549870e+00 3.091042453358316067e+00 0.000000000000000000e+00 0.000000000000000000e+00 0.000000000000000000e+00 0.000000000000000000e+00
0.000000000000000000e+00 4.948759890378168436e+00 8.880168247903450052e+00 6.931471805599452862e-01 0.000000000000000000e+00 0.000000000000000000e+00 0.000000000000000000e+00
0.000000000000000000e+00 5.356586274672012316e+00 8.632840614942200119e+00 1.098612288668109782e+00 0.000000000000000000e+00 0.000000000000000000e+00 0.000000000000000000e+00
0.000000000000000000e+00 5.407171771460118848e+00 8.533066540572527003e+00 0.000000000000000000e+00 0.000000000000000000e+00 0.000000000000000000e+00 0.000000000000000000e+00
0.000000000000000000e+00 4.394449154672439128e+00 9.262268464836541426e+00 6.931471805599452862e-01 0.000000000000000000e+00 0.000000000000000000e+00 0.000000000000000000e+00
0.000000000000000000e+00 4.624972813284270678e+00 9.071537969095723852e+00 1.386294361119890572e+00 0.000000000000000000e+00 0.000000000000000000e+00 0.000000000000000000e+00
0.000000000000000000e+00 4.595119850134589790e+00 9.128696382935672204e+00 6.931471805599452862e-01 0.000000000000000000e+00 0.000000000000000000e+00 0.000000000000000000e+00
0.000000000000000000e+00 5.181783550292085039e+00 8.769351707798971773e+00 6.931471805599452862e-01 0.000000000000000000e+00 0.000000000000000000e+00 0.000000000000000000e+00
0.000000000000000000e+00 4.143134726391532574e+00 9.342070142654076648e+00 6.931471805599452862e-01 0.000000000000000000e+00 0.000000000000000000e+00 0.000000000000000000e+00
0.000000000000000000e+00 3.850147601710058431e+00 9.533075832485351953e+00 1.609437912434100282e+00 0.000000000000000000e+00 0.000000000000000000e+00 0.000000000000000000e+00
0.000000000000000000e+00 3.688879454113936252e+00 9.591102867443975555e+00 2.302585092994045901e+00 0.000000000000000000e+00 0.000000000000000000e+00 0.000000000000000000e+00
0.000000000000000000e+00 5.093750200806762329e+00 8.747987401660969553e+00 0.000000000000000000e+00 0.000000000000000000e+00 0.000000000000000000e+00 0.000000000000000000e+00
0.000000000000000000e+00 4.488636369732139642e+00 9.207034914967456629e+00 1.386294361119890572e+00 0.000000000000000000e+00 0.000000000000000000e+00 0.000000000000000000e+00
0.000000000000000000e+00 2.639057329615258407e+00 9.805102650614726301e+00 2.397895272798370669e+00 0.000000000000000000e+00 0.000000000000000000e+00 0.000000000000000000e+00
0.000000000000000000e+00 4.564348191467836102e+00 9.213236175088209023e+00 0.000000000000000000e+00 0.000000000000000000e+00 0.000000000000000000e+00 0.000000000000000000e+00
0.000000000000000000e+00 4.934473933130691492e+00 8.921190556249367631e+00 1.386294361119890572e+00 0.000000000000000000e+00 0.000000000000000000e+00 0.000000000000000000e+00
0.000000000000000000e+00 5.370638028127662444e+00 8.723231274827508486e+00 0.000000000000000000e+00 0.000000000000000000e+00 0.000000000000000000e+00 0.000000000000000000e+00
0.000000000000000000e+00 2.708050201102210064e+00 9.833172378621101828e+00 1.945910149055313232e+00 0.000000000000000000e+00 0.000000000000000000e+00 0.000000000000000000e+00
0.000000000000000000e+00 5.820082930352361572e+00 8.145549631783584488e+00 0.000000000000000000e+00 0.000000000000000000e+00 0.000000000000000000e+00 0.000000000000000000e+00
0.000000000000000000e+00 5.318119993844216076e+00 8.700181192753353443e+00 1.098612288668109782e+00 0.000000000000000000e+00 0.000000000000000000e+00 0.000000000000000000e+00
0.000000000000000000e+00 5.278114659230516814e+00 8.673341873906169397e+00 0.000000000000000000e+00 0.000000000000000000e+00 0.000000000000000000e+00 0.000000000000000000e+00
0.000000000000000000e+00 3.931825632724325725e+00 9.384629757072872280e+00 2.079441541679835748e+00 0.000000000000000000e+00 0.000000000000000000e+00 0.000000000000000000e+00
0.000000000000000000e+00 5.043425116919246776e+00 8.815073088844464166e+00 0.000000000000000000e+00 0.000000000000000000e+00 0.000000000000000000e+00 0.000000000000000000e+00
0.000000000000000000e+00 5.159055299214529100e+00 8.707152175339404110e+00 0.000000000000000000e+00 0.000000000000000000e+00 0.000000000000000000e+00 0.000000000000000000e+00
0.000000000000000000e+00 2.995732273553990854e+00 9.783351751296146759e+00 2.944438979166440262e+00 0.000000000000000000e+00 0.000000000000000000e+00 0.000000000000000000e+00
0.000000000000000000e+00 2.944438979166440262e+00 9.758288355043923445e+00 2.302585092994045901e+00 0.000000000000000000e+00 0.000000000000000000e+00 0.000000000000000000e+00
0.000000000000000000e+00 0.000000000000000000e+00 1.062142490190329269e+01 6.406879986069314192e+00 6.931471805599452862e-01 0.000000000000000000e+00 0.000000000000000000e+00
0.000000000000000000e+00 0.000000000000000000e+00 1.058559906347580792e+01 6.049733455231957713e+00 0.000000000000000000e+00 0.000000000000000000e+00 0.000000000000000000e+00
0.000000000000000000e+00 0.000000000000000000e+00 1.064160809873880531e+01 6.654152520183219011e+00 0.000000000000000000e+00 0.000000000000000000e+00 0.000000000000000000e+00
0.000000000000000000e+00 0.000000000000000000e+00 1.060804439464763682e+01 6.313548046277094983e+00 0.000000000000000000e+00 0.000000000000000000e+00 0.000000000000000000e+00
0.000000000000000000e+00 0.000000000000000000e+00 1.051175744096297215e+01 5.347107530717468471e+00 0.000000000000000000e+00 0.000000000000000000e+00 0.000000000000000000e+00
0.000000000000000000e+00 0.000000000000000000e+00 1.066120450374537398e+01 6.712956200677069774e+00 0.000000000000000000e+00 0.000000000000000000e+00 0.000000000000000000e+00
0.000000000000000000e+00 0.000000000000000000e+00 1.056823525857437573e+01 5.771441123130015782e+00 0.000000000000000000e+00 0.000000000000000000e+00 0.000000000000000000e+00
0.000000000000000000e+00 0.000000000000000000e+00 1.054035534456485657e+01 5.749392985908253095e+00 0.000000000000000000e+00 0.000000000000000000e+00 0.000000000000000000e+00
0.000000000000000000e+00 0.000000000000000000e+00 1.064101040581562607e+01 6.461468176353717396e+00 0.000000000000000000e+00 0.000000000000000000e+00 0.000000000000000000e+00
0.000000000000000000e+00 0.000000000000000000e+00 1.054820575369157076e+01 5.768320995793771999e+00 0.000000000000000000e+00 0.000000000000000000e+00 0.000000000000000000e+00
0.000000000000000000e+00 0.000000000000000000e+00 1.064010122784123702e+01 6.308098441509530474e+00 0.000000000000000000e+00 0.000000000000000000e+00 0.000000000000000000e+00
0.000000000000000000e+00 0.000000000000000000e+00 1.052634637997789468e+01 5.579729825986222025e+00 0.000000000000000000e+00 0.000000000000000000e+00 0.000000000000000000e+00
0.000000000000000000e+00 0.000000000000000000e+00 1.061152334558982346e+01 6.357842266508099804e+00 0.000000000000000000e+00 0.000000000000000000e+00 0.000000000000000000e+00
0.000000000000000000e+00 0.000000000000000000e+00 1.063122937786057243e+01 6.444131256700440957e+00 6.931471805599452862e-01 0.000000000000000000e+00 0.000000000000000000e+00
0.000000000000000000e+00 0.000000000000000000e+00 1.063229141030410752e+01 6.685860947068359650e+00 0.000000000000000000e+00 0.000000000000000000e+00 0.000000000000000000e+00
0.000000000000000000e+00 0.000000000000000000e+00 1.061459743347024620e+01 6.259581464064923217e+00 0.000000000000000000e+00 0.000000000000000000e+00 0.000000000000000000e+00
0.000000000000000000e+00 0.000000000000000000e+00 1.058387871999487295e+01 5.823045895483018874e+00 0.000000000000000000e+00 0.000000000000000000e+00 0.000000000000000000e+00
0.000000000000000000e+00 0.000000000000000000e+00 1.059808368286117819e+01 5.993961427306569334e+00 0.000000000000000000e+00 0.000000000000000000e+00 0.000000000000000000e+00
0.000000000000000000e+00 0.000000000000000000e+00 1.063236378055031928e+01 6.517671272912274993e+00 0.000000000000000000e+00 0.000000000000000000e+00 0.000000000000000000e+00
0.000000000000000000e+00 0.000000000000000000e+00 1.064530584255972734e+01 6.881411303642535060e+00 1.791759469228054957e+00 0.000000000000000000e+00 0.000000000000000000e+00
0.000000000000000000e+00 0.000000000000000000e+00 1.055100955506979865e+01 5.641907070938113833e+00 6.931471805599452862e-01 0.000000000000000000e+00 0.000000000000000000e+00
0.000000000000000000e+00 0.000000000000000000e+00 1.062994861212600739e+01 6.620073206530356025e+00 0.000000000000000000e+00 0.000000000000000000e+00 0.000000000000000000e+00
0.000000000000000000e+00 0.000000000000000000e+00 1.059548407133867798e+01 6.018593214496234189e+00 0.000000000000000000e+00 0.000000000000000000e+00 0.000000000000000000e+00
0.000000000000000000e+00 0.000000000000000000e+00 1.060012862235032927e+01 6.186208623900493642e+00 0.000000000000000000e+00 0.000000000000000000e+00 0.000000000000000000e+00
0.000000000000000000e+00 0.000000000000000000e+00 1.056056704393419565e+01 5.869296913133774218e+00 0.000000000000000000e+00 0.000000000000000000e+00 0.000000000000000000e+00
5.983936280687190745e+00 0.000000000000000000e+00 0.000000000000000000e+00 0.000000000000000000e+00 0.000000000000000000e+00 0.000000000000000000e+00 0.000000000000000000e+00
5.913503005638269805e+00 0.000000000000000000e+00 0.000000000000000000e+00 0.000000000000000000e+00 0.000000000000000000e+00 0.000000000000000000e+00 0.000000000000000000e+00
5.996452088619021126e+00 0.000000000000000000e+00 0.000000000000000000e+00 0.000000000000000000e+00 0.000000000000000000e+00 0.000000000000000000e+00 0.000000000000000000e+00
6.184148890937483323e+00 0.000000000000000000e+00 0.000000000000000000e+00 0.000000000000000000e+00 0.000000000000000000e+00 0.000000000000000000e+00 0.000000000000000000e+00
6.152732694704104333e+00 0.000000000000000000e+00 0.000000000000000000e+00 0.000000000000000000e+00 0.000000000000000000e+00 0.000000000000000000e+00 0.000000000000000000e+00
6.208590026096628911e+00 0.000000000000000000e+00 0.000000000000000000e+00 0.000000000000000000e+00 0.000000000000000000e+00 0.000000000000000000e+00 0.000000000000000000e+00
6.202535517187922842e+00 0.000000000000000000e+00 0.000000000000000000e+00 0.000000000000000000e+00 0.000000000000000000e+00 0.000000000000000000e+00 0.000000000000000000e+00
6.190315405853147546e+00 0.000000000000000000e+00 0.000000000000000000e+00 0.000000000000000000e+00 0.000000000000000000e+00 0.000000000000000000e+00 0.000000000000000000e+00
6.037870919922137425e+00 6.931471805599452862e-01 0.000000000000000000e+00 0.000000000000000000e+00 0.000000000000000000e+00 0.000000000000000000e+00 0.000000000000000000e+00
6.200509174042689864e+00 0.000000000000000000e+00 0.000000000000000000e+00 0.000000000000000000e+00 0.000000000000000000e+00 0.000000000000000000e+00 0.000000000000000000e+00
6.161207321695076899e+00 0.000000000000000000e+00 0.000000000000000000e+00 0.000000000000000000e+00 0.000000000000000000e+00 0.000000000000000000e+00 0.000000000000000000e+00
6.135564891081738637e+00 6.931471805599452862e-01 0.000000000000000000e+00 0.000000000000000000e+00 0.000000000000000000e+00 0.000000000000000000e+00 0.000000000000000000e+00
6.111467339502678620e+00 0.000000000000000000e+00 0.000000000000000000e+00 0.000000000000000000e+00 0.000000000000000000e+00 0.000000000000000000e+00 0.000000000000000000e+00
6.154858094016417702e+00 0.000000000000000000e+00 0.000000000000000000e+00 0.000000000000000000e+00 0.000000000000000000e+00 0.000000000000000000e+00 0.000000000000000000e+00
6.135564891081738637e+00 0.000000000000000000e+00 0.000000000000000000e+00 0.000000000000000000e+00 0.000000000000000000e+00 0.000000000000000000e+00 0.000000000000000000e+00
6.120297418950950252e+00 0.000000000000000000e+00 0.000000000000000000e+00 0.000000000000000000e+00 0.000000000000000000e+00 0.000000000000000000e+00 0.000000000000000000e+00
6.184148890937483323e+00 0.000000000000000000e+00 0.000000000000000000e+00 0.000000000000000000e+00 0.000000000000000000e+00 0.000000000000000000e+00 0.000000000000000000e+00
5.961005339623273613e+00 6.931471805599452862e-01 0.000000000000000000e+00 0.000000000000000000e+00 0.000000000000000000e+00 0.000000000000000000e+00 0.000000000000000000e+00
6.111467339502678620e+00 0.000000000000000000e+00 0.000000000000000000e+00 0.000000000000000000e+00 0.000000000000000000e+00 0.000000000000000000e+00 0.000000000000000000e+00
6.198478716492307861e+00 0.000000000000000000e+00 0.000000000000000000e+00 0.000000000000000000e+00 0.000000000000000000e+00 0.000000000000000000e+00 0.000000000000000000e+00
6.124683390894205104e+00 0.000000000000000000e+00 0.000000000000000000e+00 0.000000000000000000e+00 0.000000000000000000e+00 0.000000000000000000e+00 0.000000000000000000e+00
6.206575926724927861e+00 0.000000000000000000e+00 0.000000000000000000e+00 0.000000000000000000e+00 0.000000000000000000e+00 0.000000000000000000e+00 0.000000000000000000e+00
6.156978985585555009e+00 0.000000000000000000e+00 0.000000000000000000e+00 0.000000000000000000e+00 0.000000000000000000e+00 0.000000000000000000e+00 0.000000000000000000e+00
6.208590026096628911e+00 0.000000000000000000e+00 0.000000000000000000e+00 0.000000000000000000e+00 0.000000000000000000e+00 0.000000000000000000e+00 0.000000000000000000e+00
5.948034989180645660e+00 1.386294361119890572e+00 0.000000000000000000e+00 0.000000000000000000e+00 0.000000000000000000e+00 0.000000000000000000e+00 0.000000000000000000e+00
3.931825632724325725e+00 3.951243718581427533e+00 0.000000000000000000e+00 0.000000000000000000e+00 0.000000000000000000e+00 0.000000000000000000e+00 0.000000000000000000e+00
4.219507705176106960e+00 3.663561646129646299e+00 1.609437912434100282e+00 0.000000000000000000e+00 0.000000000000000000e+00 0.000000000000000000e+00 0.000000000000000000e+00
4.454347296253507338e+00 3.761200115693562385e+00 0.000000000000000000e+00 0.000000000000000000e+00 0.000000000000000000e+00 0.000000000000000000e+00 0.000000000000000000e+00
4.158883083359671495e+00 3.761200115693562385e+00 6.931471805599452862e-01 0.000000000000000000e+00 0.000000000000000000e+00 0.000000000000000000e+00 0.000000000000000000e+00
4.043051267834550266e+00 3.871201010907891149e+00 1.098612288668109782e+00 0.000000000000000000e+00 0.000000000000000000e+00 0.000000000000000000e+00 0.000000000000000000e+00
4.094344562222100414e+00 3.931825632724325725e+00 0.000000000000000000e+00 0.000000000000000000e+00 0.000000000000000000e+00 0.000000000000000000e+00 0.000000000000000000e+00
4.634728988229635860e+00 3.583518938456109915e+00 0.000000000000000000e+00 0.000000000000000000e+00 0.000000000000000000e+00 0.000000000000000000e+00 0.000000000000000000e+00
4.727387818712340817e+00 3.258096538021482136e+00 1.386294361119890572e+00 0.000000000000000000e+00 0.000000000000000000e+00 0.000000000000000000e+00 0.000000000000000000e+00
3.912023005428145961e+00 3.891820298110626464e+00 0.000000000000000000e+00 0.000000000000000000e+00 0.000000000000000000e+00 0.000000000000000000e+00 0.000000000000000000e+00
4.477336814478206861e+00 3.713572066704307950e+00 1.098612288668109782e+00 0.000000000000000000e+00 0.000000000000000000e+00 0.000000000000000000e+00 0.000000000000000000e+00
3.912023005428145961e+00 4.025351690735149646e+00 6.931471805599452862e-01 0.000000000000000000e+00 0.000000000000000000e+00 0.000000000000000000e+00 0.000000000000000000e+00
4.219507705176106960e+00 3.761200115693562385e+00 1.386294361119890572e+00 0.000000000000000000e+00 0.000000000000000000e+00 0.000000000000000000e+00 0.000000000000000000e+00
3.806662489770319624e+00 4.189654742026425183e+00 0.000000000000000000e+00 0.000000000000000000e+00 0.000000000000000000e+00 0.000000000000000000e+00 0.000000000000000000e+00
4.488636369732139642e+00 3.737669618283368411e+00 1.098612288668109782e+00 0.000000000000000000e+00 0.000000000000000000e+00 0.000000000000000000e+00 0.000000000000000000e+00
4.564348191467836102e+00 3.713572066704307950e+00 0.000000000000000000e+00 0.000000000000000000e+00 0.000000000000000000e+00 0.000000000000000000e+00 0.000000000000000000e+00
4.663439094112066918e+00 3.637586159726385659e+00 0.000000000000000000e+00 0.000000000000000000e+00 0.000000000000000000e+00 0.000000000000000000e+00 0.000000000000000000e+00
4.718498871295094155e+00 3.258096538021482136e+00 0.000000000000000000e+00 0.000000000000000000e+00 0.000000000000000000e+00 0.000000000000000000e+00 0.000000000000000000e+00
3.891820298110626464e+00 3.871201010907891149e+00 1.945910149055313232e+00 0.000000000000000000e+00 0.000000000000000000e+00 0.000000000000000000e+00 0.000000000000000000e+00
3.784189633918261020e+00 4.158883083359671495e+00 6.931471805599452862e-01 0.000000000000000000e+00 0.000000000000000000e+00 0.000000000000000000e+00 0.000000000000000000e+00
4.779123493111529619e+00 3.526360524616161563e+00 0.000000000000000000e+00 0.000000000000000000e+00 0.000000000000000000e+00 0.000000000000000000e+00 0.000000000000000000e+00
4.007333185232471173e+00 3.931825632724325725e+00 6.931471805599452862e-01 0.000000000000000000e+00 0.000000000000000000e+00 0.000000000000000000e+00 0.000000000000000000e+00
4.499809670330265021e+00 3.891820298110626464e+00 0.000000000000000000e+00 0.000000000000000000e+00 0.000000000000000000e+00 0.000000000000000000e+00 0.000000000000000000e+00
4.787491742782045812e+00 3.663561646129646299e+00 0.000000000000000000e+00 0.000000000000000000e+00 0.000000000000000000e+00 0.000000000000000000e+00 0.000000000000000000e+00
4.077537443905719705e+00 3.891820298110626464e+00 6.931471805599452862e-01 0.000000000000000000e+00 0.000000000000000000e+00 0.000000000000000000e+00 0.000000000000000000e+00
3.891820298110626464e+00 4.077537443905719705e+00 1.386294361119890572e+00 0.000000000000000000e+00 0.000000000000000000e+00 0.000000000000000000e+00 0.000000000000000000e+00
0.000000000000000000e+00 4.189654742026425183e+00 4.553876891600540766e+00 1.098612288668109782e+00 0.000000000000000000e+00 0.000000000000000000e+00 0.000000000000000000e+00
0.000000000000000000e+00 2.484906649788000355e+00 4.890349128221753716e+00 5.036952602413629521e+00 1.945910149055313232e+00 0.000000000000000000e+00 0.000000000000000000e+00
0.000000000000000000e+00 3.988984046564274522e+00 4.499809670330265021e+00 2.708050201102210064e+00 0.000000000000000000e+00 0.000000000000000000e+00 0.000000000000000000e+00
0.000000000000000000e+00 3.332204510175203804e+00 4.934473933130691492e+00 3.891820298110626464e+00 0.000000000000000000e+00 0.000000000000000000e+00 0.000000000000000000e+00
0.000000000000000000e+00 3.663561646129646299e+00 4.882801922586370580e+00 3.713572066704307950e+00 0.000000000000000000e+00 0.000000000000000000e+00 0.000000000000000000e+00
0.000000000000000000e+00 3.332204510175203804e+00 5.003946305945459194e+00 3.784189633918261020e+00 1.386294361119890572e+00 0.000000000000000000e+00 0.000000000000000000e+00
0.000000000000000000e+00 1.945910149055313232e+00 4.941642422609303864e+00 4.820281565605037066e+00 3.784189633918261020e+00 0.000000000000000000e+00 0.000000000000000000e+00
0.000000000000000000e+00 3.761200115693562385e+00 4.727387818712340817e+00 2.995732273553990854e+00 0.000000000000000000e+00 0.000000000000000000e+00 0.000000000000000000e+00
0.000000000000000000e+00 4.290459441148390951e+00 4.317488113536310124e+00 2.197224577336219564e+00 0.000000000000000000e+00 0.000000000000000000e+00 0.000000000000000000e+00
0.000000000000000000e+00 3.761200115693562385e+00 4.787491742782045812e+00 2.564949357461536739e+00 0.000000000000000000e+00 0.000000000000000000e+00 0.000000000000000000e+00
0.000000000000000000e+00 3.828641396489095072e+00 4.762173934797756303e+00 3.044522437723423014e+00 0.000000000000000000e+00 0.000000000000000000e+00 0.000000000000000000e+00
0.000000000000000000e+00 4.110873864173311354e+00 4.290459441148390951e+00 2.397895272798370669e+00 0.000000000000000000e+00 0.000000000000000000e+00 0.000000000000000000e+00
0.000000000000000000e+00 2.995732273553990854e+00 5.010635294096255521e+00 4.418840607796598263e+00 0.000000000000000000e+00 0.000000000000000000e+00 0.000000000000000000e+00
0.000000000000000000e+00 4.290459441148390951e+00 4.454347296253507338e+00 2.484906649788000355e+00 0.000000000000000000e+00 0.000000000000000000e+00 0.000000000000000000e+00
0.000000000000000000e+00 3.988984046564274522e+00 4.262679877041315457e+00 1.386294361119890572e+00 0.000000000000000000e+00 0.000000000000000000e+00 0.000000000000000000e+00
1.098612288668109782e+00 3.891820298110626464e+00 4.812184355372417066e+00 3.367295829986474143e+00 0.000000000000000000e+00 0.000000000000000000e+00 0.000000000000000000e+00
0.000000000000000000e+00 3.951243718581427533e+00 4.779123493111529619e+00 3.465735902799726542e+00 1.386294361119890572e+00 0.000000000000000000e+00 0.000000000000000000e+00
6.931471805599452862e-01 4.262679877041315457e+00 4.406719247264253347e+00 2.397895272798370669e+00 0.000000000000000000e+00 0.000000000000000000e+00 0.000000000000000000e+00
0.000000000000000000e+00 4.077537443905719705e+00 4.762173934797756303e+00 2.708050201102210064e+00 6.931471805599452862e-01 0.000000000000000000e+00 0.000000000000000000e+00
0.000000000000000000e+00 3.806662489770319624e+00 4.709530201312333908e+00 3.367295829986474143e+00 0.000000000000000000e+00 0.000000000000000000e+00 0.000000000000000000e+00
0.000000000000000000e+00 2.397895272798370669e+00 4.795790545596741339e+00 5.049856007249537093e+00 1.098612288668109782e+00 0.000000000000000000e+00 0.000000000000000000e+00
6.931471805599452862e-01 4.330733340286331057e+00 4.532599493153256276e+00 1.791759469228054957e+00 0.000000000000000000e+00 0.000000000000000000e+00 0.000000000000000000e+00
0.000000000000000000e+00 2.639057329615258407e+00 5.241747015059642578e+00 4.532599493153256276e+00 6.931471805599452862e-01 0.000000000000000000e+00 0.000000000000000000e+00
6.931471805599452862e-01 4.060443010546419096e+00 4.753590191106364493e+00 2.833213344056216165e+00 0.000000000000000000e+00 0.000000000000000000e+00 0.000000000000000000e+00
0.000000000000000000e+00 3.871201010907891149e+00 4.770684624465665102e+00 2.639057329615258407e+00 0.000000000000000000e+00 0.000000000000000000e+00 0.000000000000000000e+00
0.000000000000000000e+00 0.000000000000000000e+00 2.079441541679835748e+00 6.073044534100405123e+00 6.774223886357614077e+00 4.077537443905719705e+00 0.000000000000000000e+00
0.000000000000000000e+00 0.000000000000000000e+00 3.332204510175203804e+00 6.171700597410914924e+00 6.602587892189336394e+00 4.174387269895636798e+00 0.000000000000000000e+00
0.000000000000000000e+00 0.000000000000000000e+00 3.465735902799726542e+00 6.318968113746434412e+00 6.186208623900493642e+00 2.302585092994045901e+00 0.000000000000000000e+00
0.000000000000000000e+00 0.000000000000000000e+00 2.944438979166440262e+00 6.452048954437225703e+00 5.978885764901122002e+00 2.079441541679835748e+00 0.000000000000000000e+00
0.000000000000000000e+00 0.000000000000000000e+00 3.332204510175203804e+00 6.198478716492307861e+00 6.232448016550522496e+00 2.302585092994045901e+00 0.000000000000000000e+00
0.000000000000000000e+00 0.000000000000000000e+00 3.465735902799726542e+00 6.390240667065349989e+00 6.169610732491456417e+00 2.772588722239781145e+00 0.000000000000000000e+00
0.000000000000000000e+00 0.000000000000000000e+00 2.302585092994045901e+00 6.204557762568690293e+00 7.029087564149661738e+00 4.727387818712340817e+00 0.000000000000000000e+00
0.000000000000000000e+00 0.000000000000000000e+00 2.772588722239781145e+00 6.276643489341644511e+00 7.007600613951852964e+00 4.394449154672439128e+00 0.000000000000000000e+00
0.000000000000000000e+00 0.000000000000000000e+00 2.772588722239781145e+00 6.232448016550522496e+00 6.966024187106112819e+00 4.912654885736052357e+00 0.000000000000000000e+00
0.000000000000000000e+00 0.000000000000000000e+00 2.079441541679835748e+00 6.244166900663736364e+00 6.669498089857879286e+00 3.433987204485146272e+00 0.000000000000000000e+00
0.000000000000000000e+00 0.000000000000000000e+00 3.828641396489095072e+00 6.144185634125645556e+00 5.958424693029781949e+00 2.944438979166440262e+00 0.000000000000000000e+00
0.000000000000000000e+00 0.000000000000000000e+00 2.484906649788000355e+00 5.902633333401365867e+00 7.066466970136957571e+00 5.365976015021851175e+00 0.000000000000000000e+00
0.000000000000000000e+00 0.000000000000000000e+00 3.332204510175203804e+00 6.302618975744905150e+00 6.025865973825314192e+00 2.890371757896164517e+00 0.000000000000000000e+00
0.000000000000000000e+00 0.000000000000000000e+00 2.302585092994045901e+00 6.381816017406098496e+00 6.556778356158042165e+00 3.496507561466480229e+00 0.000000000000000000e+00
0.000000000000000000e+00 0.000000000000000000e+00 3.295836866004329124e+00 6.388561405545630123e+00 6.431331081933478799e+00 3.970291913552121965e+00 0.000000000000000000e+00
0.000000000000000000e+00 0.000000000000000000e+00 3.610917912644224348e+00 6.202535517187922842e+00 5.940171252720431561e+00 2.484906649788000355e+00 0.000000000000000000e+00
0.000000000000000000e+00 0.000000000000000000e+00 2.772588722239781145e+00 6.084499413075171503e+00 7.177782416195197079e+00 5.802118375377062875e+00 6.931471805599452862e-01
0.000000000000000000e+00 0.000000000000000000e+00 2.079441541679835748e+00 6.317164686747283930e+00 6.741700694652054793e+00 3.091042453358316067e+00 0.000000000000000000e+00
0.000000000000000000e+00 0.000000000000000000e+00 2.302585092994045901e+00 6.437751649736401127e+00 6.655440350367647362e+00 5.099866427824198745e+00 0.000000000000000000e+00
0.000000000000000000e+00 0.000000000000000000e+00 3.091042453358316067e+00 6.336825731146441321e+00 6.698268054115413150e+00 3.295836866004329124e+00 0.000000000000000000e+00
0.000000000000000000e+00 0.000000000000000000e+00 2.079441541679835748e+00 6.148468295917647097e+00 7.003065458786461583e+00 5.703782474656200918e+00 0.000000000000000000e+00
0.000000000000000000e+00 0.000000000000000000e+00 3.178053830347945752e+00 6.415096959171595614e+00 6.403574197934815082e+00 3.610917912644224348e+00 0.000000000000000000e+00
0.000000000000000000e+00 0.000000000000000000e+00 3.258096538021482136e+00 6.194405391104671921e+00 6.800170068302199944e+00 3.367295829986474143e+00 0.000000000000000000e+00
0.000000000000000000e+00 0.000000000000000000e+00 3.465735902799726542e+00 6.159095388491932610e+00 6.180016653652572245e+00 1.791759469228054957e+00 0.000000000000000000e+00
0.000000000000000000e+00 0.000000000000000000e+00 4.043051267834550266e+00 6.154858094016417702e+00 5.918893854273146182e+00 0.000000000000000000e+00 0.000000000000000000e+00
0.000000000000000000e+00 7.665753431861698886e+00 6.931471805599452862e-01 0.000000000000000000e+00 0.000000000000000000e+00 0.000000000000000000e+00 0.000000000000000000e+00
0.000000000000000000e+00 7.482681828154650994e+00 1.098612288668109782e+00 0.000000000000000000e+00 0.000000000000000000e+00 0.000000000000000000e+00 0.000000000000000000e+00
0.000000000000000000e+00 7.669028288589682774e+00 1.098612288668109782e+00 0.000000000000000000e+00 0.000000000000000000e+00 0.000000000000000000e+00 0.000000000000000000e+00
0.000000000000000000e+00 7.237778191923442961e+00 0.000000000000000000e+00 0.000000000000000000e+00 0.000000000000000000e+00 0.000000000000000000e+00 0.000000000000000000e+00
0.000000000000000000e+00 7.238496840894365292e+00 0.000000000000000000e+00 0.000000000000000000e+00 0.000000000000000000e+00 0.000000000000000000e+00 0.000000000000000000e+00
0.000000000000000000e+00 7.786551806428711586e+00 1.609437912434100282e+00 0.000000000000000000e+00 0.000000000000000000e+00 0.000000000000000000e+00 0.000000000000000000e+00
0.000000000000000000e+00 7.501082124259871087e+00 0.000000000000000000e+00 0.000000000000000000e+00 0.000000000000000000e+00 0.000000000000000000e+00 0.000000000000000000e+00
0.000000000000000000e+00 7.486052617863140135e+00 0.000000000000000000e+00 0.000000000000000000e+00 0.000000000000000000e+00 0.000000000000000000e+00 0.000000000000000000e+00
0.000000000000000000e+00 7.793174347189204987e+00 0.000000000000000000e+00 0.000000000000000000e+00 0.000000000000000000e+00 0.000000000000000000e+00 0.000000000000000000e+00
0.000000000000000000e+00 7.234898420314831213e+00 0.000000000000000000e+00 0.000000000000000000e+00 0.000000000000000000e+00 0.000000000000000000e+00 0.000000000000000000e+00
0.000000000000000000e+00 7.228388451573604101e+00 0.000000000000000000e+00 0.000000000000000000e+00 0.000000000000000000e+00 0.000000000000000000e+00 0.000000000000000000e+00
0.000000000000000000e+00 7.675546002537847912e+00 0.000000000000000000e+00 0.000000000000000000e+00 0.000000000000000000e+00 0.000000000000000000e+00 0.000000000000000000e+00
0.000000000000000000e+00 7.781973234434384601e+00 0.000000000000000000e+00 0.000000000000000000e+00 0.000000000000000000e+00 0.000000000000000000e+00 0.000000000000000000e+00
0.000000000000000000e+00 7.250635511898679830e+00 0.000000000000000000e+00 0.000000000000000000e+00 0.000000000000000000e+00 0.000000000000000000e+00 0.000000000000000000e+00
0.000000000000000000e+00 7.241366283322317798e+00 0.000000000000000000e+00 0.000000000000000000e+00 0.000000000000000000e+00 0.000000000000000000e+00 0.000000000000000000e+00
0.000000000000000000e+00 7.491645473605132999e+00 0.000000000000000000e+00 0.000000000000000000e+00 0.000000000000000000e+00 0.000000000000000000e+00 0.000000000000000000e+00
0.000000000000000000e+00 7.667158255319147742e+00 0.000000000000000000e+00 0.000000000000000000e+00 0.000000000000000000e+00 0.000000000000000000e+00 0.000000000000000000e+00
0.000000000000000000e+00 7.672292455628755725e+00 0.000000000000000000e+00 0.000000000000000000e+00 0.000000000000000000e+00 0.000000000000000000e+00 0.000000000000000000e+00
0.000000000000000000e+00 7.798523053625205925e+00 6.931471805599452862e-01 0.000000000000000000e+00 0.000000000000000000e+00 0.000000000000000000e+00 0.000000000000000000e+00
0.000000000000000000e+00 7.669961995473577154e+00 0.000000000000000000e+00 0.000000000000000000e+00 0.000000000000000000e+00 0.000000000000000000e+00 0.000000000000000000e+00
0.000000000000000000e+00 7.243512974665481607e+00 0.000000000000000000e+00 0.000000000000000000e+00 0.000000000000000000e+00 0.000000000000000000e+00 0.000000000000000000e+00
0.000000000000000000e+00 7.789868559054705877e+00 0.000000000000000000e+00 0.000000000000000000e+00 0.000000000000000000e+00 0.000000000000000000e+00 0.000000000000000000e+00
0.000000000000000000e+00 7.659171367666058217e+00 0.000000000000000000e+00 0.000000000000000000e+00 0.000000000000000000e+00 0.000000000000000000e+00 0.000000000000000000e+00
0.000000000000000000e+00 7.655390644826152169e+00 6.931471805599452862e-01 0.000000000000000000e+00 0.000000000000000000e+00 0.000000000000000000e+00 0.000000000000000000e+00
0.000000000000000000e+00 7.489412083508718787e+00 6.931471805599452862e-01 0.000000000000000000e+00 0.000000000000000000e+00 0.000000000000000000e+00 0.000000000000000000e+00
0.000000000000000000e+00 6.906754778648553916e+00 7.091742115095152954e+00 6.931471805599452862e-01 0.000000000000000000e+00 0.000000000000000000e+00 0.000000000000000000e+00
0.000000000000000000e+00 6.894670039433481890e+00 6.912742820493176232e+00 6.931471805599452862e-01 0.000000000000000000e+00 0.000000000000000000e+00 0.000000000000000000e+00
0.000000000000000000e+00 7.777792626338830395e+00 4.442651256490316669e+00 0.000000000000000000e+00 0.000000000000000000e+00 0.000000000000000000e+00 0.000000000000000000e+00
0.000000000000000000e+00 6.736966958001855410e+00 7.176254532017144250e+00 1.098612288668109782e+00 0.000000000000000000e+00 0.000000000000000000e+00 0.000000000000000000e+00
0.000000000000000000e+00 7.872455150063979445e+00 3.637586159726385659e+00 0.000000000000000000e+00 0.000000000000000000e+00 0.000000000000000000e+00 0.000000000000000000e+00
0.000000000000000000e+00 6.872128101338986106e+00 7.067319848653475844e+00 0.000000000000000000e+00 0.000000000000000000e+00 0.000000000000000000e+00 0.000000000000000000e+00
0.000000000000000000e+00 7.479299637782833798e+00 5.283203728737988492e+00 0.000000000000000000e+00 0.000000000000000000e+00 0.000000000000000000e+00 0.000000000000000000e+00
0.000000000000000000e+00 7.765569081097316584e+00 4.060443010546419096e+00 0.000000000000000000e+00 0.000000000000000000e+00 0.000000000000000000e+00 0.000000000000000000e+00
0.000000000000000000e+00 7.213768308118641670e+00 6.226536669287465742e+00 0.000000000000000000e+00 0.000000000000000000e+00 0.000000000000000000e+00 0.000000000000000000e+00
0.000000000000000000e+00 7.155396301896733924e+00 6.118097198041348328e+00 0.000000000000000000e+00 0.000000000000000000e+00 0.000000000000000000e+00 0.000000000000000000e+00
0.000000000000000000e+00 6.851184927493743082e+00 7.080867896690781649e+00 0.000000000000000000e+00 0.000000000000000000e+00 0.000000000000000000e+00 0.000000000000000000e+00
0.000000000000000000e+00 6.927557906278316580e+00 6.829793737512424912e+00 0.000000000000000000e+00 0.000000000000000000e+00 0.000000000000000000e+00 0.000000000000000000e+00
0.000000000000000000e+00 7.493317248862145341e+00 5.198497031265826074e+00 0.000000000000000000e+00 0.000000000000000000e+00 0.000000000000000000e+00 0.000000000000000000e+00
0.000000000000000000e+00 6.602587892189336394e+00 7.295056416462630366e+00 1.098612288668109782e+00 0.000000000000000000e+00 0.000000000000000000e+00 0.000000000000000000e+00
0.000000000000000000e+00 7.585788821732034393e+00 4.905274778438429628e+00 0.000000000000000000e+00 0.000000000000000000e+00 0.000000000000000000e+00 0.000000000000000000e+00
0.000000000000000000e+00 6.947937068614969292e+00 6.820016364674129861e+00 0.000000000000000000e+00 0.000000000000000000e+00 0.000000000000000000e+00 0.000000000000000000e+00
0.000000000000000000e+00 7.543802867501509191e+00 4.962844630259906964e+00 0.000000000000000000e+00 0.000000000000000000e+00 0.000000000000000000e+00 0.000000000000000000e+00
0.000000000000000000e+00 7.793999089503995670e+00 4.127134385045091669e+00 0.000000000000000000e+00 0.000000000000000000e+00 0.000000000000000000e+00 0.000000000000000000e+00
0.000000000000000000e+00 7.602401335665818216e+00 4.753590191106364493e+00 0.000000000000000000e+00 0.000000000000000000e+00 0.000000000000000000e+00 0.000000000000000000e+00
0.000000000000000000e+00 7.208600337960199056e+00 5.762051382780176922e+00 0.000000000000000000e+00 0.000000000000000000e+00 0.000000000000000000e+00 0.000000000000000000e+00
0.000000000000000000e+00 6.975413927455951679e+00 6.706862336602746666e+00 0.000000000000000000e+00 0.000000000000000000e+00 0.000000000000000000e+00 0.000000000000000000e+00
0.000000000000000000e+00 7.837159650001675359e+00 3.891820298110626464e+00 0.000000000000000000e+00 0.000000000000000000e+00 0.000000000000000000e+00 0.000000000000000000e+00
0.000000000000000000e+00 7.147559271189454222e+00 6.228511003591183481e+00 0.000000000000000000e+00 0.000000000000000000e+00 0.000000000000000000e+00 0.000000000000000000e+00
0.000000000000000000e+00 7.215975002651465964e+00 6.171700597410914924e+00 0.000000000000000000e+00 0.000000000000000000e+00 0.000000000000000000e+00 0.000000000000000000e+00
0.000000000000000000e+00 7.387709239081040380e+00 5.117993812416755439e+00 0.000000000000000000e+00 0.000000000000000000e+00 0.000000000000000000e+00 0.000000000000000000e+00
0.000000000000000000e+00 5.874930730852030436e+00 8.380227336343079259e+00 1.098612288668109782e+00 0.000000000000000000e+00 0.000000000000000000e+00 0.000000000000000000e+00
0.000000000000000000e+00 5.472270673671475016e+00 8.789964651132263995e+00 3.663561646129646299e+00 0.000000000000000000e+00 0.000000000000000000e+00 0.000000000000000000e+00
0.000000000000000000e+00 5.638354669333745406e+00 8.641355834036659189e+00 3.178053830347945752e+00 0.000000000000000000e+00 0.000000000000000000e+00 0.000000000000000000e+00
0.000000000000000000e+00 5.017279836814924288e+00 8.948975607841775926e+00 3.688879454113936252e+00 0.000000000000000000e+00 0.000000000000000000e+00 0.000000000000000000e+00
0.000000000000000000e+00 5.176149732573828821e+00 8.950792138768173700e+00 3.850147601710058431e+00 0.000000000000000000e+00 0.000000000000000000e+00 0.000000000000000000e+00
0.000000000000000000e+00 5.049856007249537093e+00 8.954027759270459796e+00 4.488636369732139642e+00 0.000000000000000000e+00 0.000000000000000000e+00 0.000000000000000000e+00
0.000000000000000000e+00 5.099866427824198745e+00 8.964695555315460140e+00 3.761200115693562385e+00 0.000000000000000000e+00 0.000000000000000000e+00 0.000000000000000000e+00
0.000000000000000000e+00 5.587248658400249646e+00 8.645058562414133618e+00 3.258096538021482136e+00 0.000000000000000000e+00 0.000000000000000000e+00 0.000000000000000000e+00
0.000000000000000000e+00 5.755742213586912293e+00 8.427706024914701999e+00 1.945910149055313232e+00 0.000000000000000000e+00 0.000000000000000000e+00 0.000000000000000000e+00
0.000000000000000000e+00 5.720311776607411858e+00 8.393668705130739482e+00 6.931471805599452862e-01 0.000000000000000000e+00 0.000000000000000000e+00 0.000000000000000000e+00
0.000000000000000000e+00 4.955827057601260854e+00 8.975883060761699284e+00 4.060443010546419096e+00 0.000000000000000000e+00 0.000000000000000000e+00 0.000000000000000000e+00
0.000000000000000000e+00 4.820281565605037066e+00 8.973351413839919744e+00 4.532599493153256276e+00 0.000000000000000000e+00 0.000000000000000000e+00 0.000000000000000000e+00
0.000000000000000000e+00 5.416100402204420128e+00 8.794824928014516985e+00 3.044522437723423014e+00 0.000000000000000000e+00 0.000000000000000000e+00 0.000000000000000000e+00
0.000000000000000000e+00 5.351858133476066648e+00 8.785692444451244754e+00 3.951243718581427533e+00 0.000000000000000000e+00 0.000000000000000000e+00 0.000000000000000000e+00
0.000000000000000000e+00 4.983606621708336348e+00 8.959311617172437181e+00 4.574710978503382819e+00 0.000000000000000000e+00 0.000000000000000000e+00 0.000000000000000000e+00
0.000000000000000000e+00 5.105945473900580289e+00 8.931948346431495267e+00 2.995732273553990854e+00 0.000000000000000000e+00 0.000000000000000000e+00 0.000000000000000000e+00
0.000000000000000000e+00 5.616771097666571677e+00 8.605570302033649810e+00 1.945910149055313232e+00 0.000000000000000000e+00 0.000000000000000000e+00 0.000000000000000000e+00
0.000000000000000000e+00 4.997212273764114698e+00 8.943244933132790564e+00 4.356708826689591696e+00 0.000000000000000000e+00 0.000000000000000000e+00 0.000000000000000000e+00
0.000000000000000000e+00 5.081404364984463129e+00 8.915432254432662518e+00 3.891820298110626464e+00 0.000000000000000000e+00 0.000000000000000000e+00 0.000000000000000000e+00
0.000000000000000000e+00 5.081404364984463129e+00 8.957510510291612604e+00 4.454347296253507338e+00 0.000000000000000000e+00 0.000000000000000000e+00 0.000000000000000000e+00
0.000000000000000000e+00 5.298317366548036311e+00 8.848222068371384808e+00 3.367295829986474143e+00 0.000000000000000000e+00 0.000000000000000000e+00 0.000000000000000000e+00
0.000000000000000000e+00 5.517452896464707379e+00 8.686429508661536403e+00 2.833213344056216165e+00 0.000000000000000000e+00 0.000000000000000000e+00 0.000000000000000000e+00
0.000000000000000000e+00 4.828313737302301512e+00 8.942853006809921013e+00 4.418840607796598263e+00 0.000000000000000000e+00 0.000000000000000000e+00 0.000000000000000000e+00
0.000000000000000000e+00 5.327876168789581257e+00 8.847791064844850339e+00 3.663561646129646299e+00 0.000000000000000000e+00 0.000000000000000000e+00 0.000000000000000000e+00
0.000000000000000000e+00 5.288267030694535187e+00 8.850517621746719854e+00 3.713572066704307950e+00 0.000000000000000000e+00 0.000000000000000000e+00 0.000000000000000000e+00
0.000000000000000000e+00 4.219507705176106960e+00 9.306922469822426436e+00 4.905274778438429628e+00 0.000000000000000000e+00 0.000000000000000000e+00 0.000000000000000000e+00
0.000000000000000000e+00 3.761200115693562385e+00 9.424402814554200702e+00 6.066108090103747408e+00 1.791759469228054957e+00 0.000000000000000000e+00 0.000000000000000000e+00
0.000000000000000000e+00 4.127134385045091669e+00 9.381853730053533624e+00 5.638354669333745406e+00 0.000000000000000000e+00 0.000000000000000000e+00 0.000000000000000000e+00
0.000000000000000000e+00 4.158883083359671495e+00 9.390993871669440551e+00 4.912654885736052357e+00 0.000000000000000000e+00 0.000000000000000000e+00 0.000000000000000000e+00
0.000000000000000000e+00 3.784189633918261020e+00 9.429154565129163501e+00 5.908082938168931264e+00 0.000000000000000000e+00 0.000000000000000000e+00 0.000000000000000000e+00
0.000000000000000000e+00 3.761200115693562385e+00 9.427868184504756499e+00 5.777652323222656428e+00 0.000000000000000000e+00 0.000000000000000000e+00 0.000000000000000000e+00
0.000000000000000000e+00 4.317488113536310124e+00 9.206834232646894378e+00 5.176149732573828821e+00 0.000000000000000000e+00 0.000000000000000000e+00 0.000000000000000000e+00
0.000000000000000000e+00 4.025351690735149646e+00 9.368966735258602796e+00 5.327876168789581257e+00 6.931471805599452862e-01 0.000000000000000000e+00 0.000000000000000000e+00
0.000000000000000000e+00 4.110873864173311354e+00 9.323043861889267703e+00 5.811140992976700836e+00 1.098612288668109782e+00 0.000000000000000000e+00 0.000000000000000000e+00
0.000000000000000000e+00 4.477336814478206861e+00 9.202409001649902720e+00 5.356586274672012316e+00 0.000000000000000000e+00 0.000000000000000000e+00 0.000000000000000000e+00
0.000000000000000000e+00 4.510859506516849748e+00 9.180396495603110552e+00 4.976733742420574202e+00 0.000000000000000000e+00 0.000000000000000000e+00 0.000000000000000000e+00
0.000000000000000000e+00 4.077537443905719705e+00 9.262553243423116811e+00 5.402677381872279305e+00 0.000000000000000000e+00 0.000000000000000000e+00 0.000000000000000000e+00
0.000000000000000000e+00 3.951243718581427533e+00 9.391578008207099870e+00 5.323009979138408454e+00 0.000000000000000000e+00 0.000000000000000000e+00 0.000000000000000000e+00
0.000000000000000000e+00 4.219507705176106960e+00 9.205227322589360384e+00 4.890349128221753716e+00 0.000000000000000000e+00 0.000000000000000000e+00 0.000000000000000000e+00
0.000000000000000000e+00 4.624972813284270678e+00 9.175955945114351309e+00 4.510859506516849748e+00 0.000000000000000000e+00 0.000000000000000000e+00 0.000000000000000000e+00
0.000000000000000000e+00 4.317488113536310124e+00 9.243581705755984146e+00 5.509388336627977445e+00 1.098612288668109782e+00 0.000000000000000000e+00 0.000000000000000000e+00
0.000000000000000000e+00 3.610917912644224348e+00 9.447623486844111795e+00 6.234410725718371182e+00 1.386294361119890572e+00 0.000000000000000000e+00 0.000000000000000000e+00
0.000000000000000000e+00 3.828641396489095072e+00 9.401539076707740250e+00 6.284134161070801916e+00 2.197224577336219564e+00 0.000000000000000000e+00 0.000000000000000000e+00
0.000000000000000000e+00 4.060443010546419096e+00 9.304832035068899998e+00 5.590986980510856519e+00 0.000000000000000000e+00 0.000000000000000000e+00 0.000000000000000000e+00
0.000000000000000000e+00 4.615120516841259679e+00 9.160204302482386041e+00 5.433722003554239954e+00 0.000000000000000000e+00 0.000000000000000000e+00 0.000000000000000000e+00
0.000000000000000000e+00 4.007333185232471173e+00 9.263217411576949445e+00 5.723585101952380683e+00 0.000000000000000000e+00 0.000000000000000000e+00 0.000000000000000000e+00
0.000000000000000000e+00 3.496507561466480229e+00 9.417760962825155957e+00 6.045005314036012045e+00 0.000000000000000000e+00 0.000000000000000000e+00 0.000000000000000000e+00
0.000000000000000000e+00 3.713572066704307950e+00 9.405989388981000232e+00 5.894402834264850455e+00 0.000000000000000000e+00 0.000000000000000000e+00 0.000000000000000000e+00
0.000000000000000000e+00 3.761200115693562385e+00 9.445491542414670150e+00 5.283203728737988492e+00 0.000000000000000000e+00 0.000000000000000000e+00 0.000000000000000000e+00
0.000000000000000000e+00 3.806662489770319624e+00 9.464129513404779814e+00 5.389071729816500955e+00 0.000000000000000000e+00 0.000000000000000000e+00 0.000000000000000000e+00
