6.214608098422191418e+00 8.910450756416656404e+00 8.083637203141547545e+00 3.784189633918261020e+00 0.000000000000000000e+00 0.000000000000000000e+00 0.000000000000000000e+00
6.214608098422191418e+00 8.918114659474529304e+00 8.114324709155338766e+00 3.688879454113936252e+00 0.000000000000000000e+00 0.000000000000000000e+00 0.000000000000000000e+00
6.214608098422191418e+00 8.909100134925550307e+00 8.100161446936606779e+00 3.891820298110626464e+00 0.000000000000000000e+00 0.000000000000000000e+00 0.000000000000000000e+00
6.214608098422191418e+00 8.927712173827080377e+00 8.142354276849834704e+00 3.988984046564274522e+00 0.000000000000000000e+00 0.000000000000000000e+00 0.000000000000000000e+00
6.214608098422191418e+00 8.919988070968523530e+00 8.081784206935001436e+00 3.401197381662155461e+00 0.000000000000000000e+00 0.000000000000000000e+00 0.000000000000000000e+00
6.214608098422191418e+00 8.930494185292177534e+00 8.153349757998892500e+00 4.025351690735149646e+00 0.000000000000000000e+00 0.000000000000000000e+00 0.000000000000000000e+00
6.214608098422191418e+00 8.914760527397261214e+00 8.094073148069352186e+00 3.891820298110626464e+00 0.000000000000000000e+00 0.000000000000000000e+00 0.000000000000000000e+00
6.214608098422191418e+00 8.925986089617076402e+00 8.114025442356757267e+00 4.094344562222100414e+00 0.000000000000000000e+00 0.000000000000000000e+00 0.000000000000000000e+00
6.214608098422191418e+00 8.924656302187074175e+00 8.111328003286732979e+00 3.637586159726385659e+00 0.000000000000000000e+00 0.000000000000000000e+00 0.000000000000000000e+00
6.214608098422191418e+00 8.925321416943885922e+00 8.141481041457421242e+00 3.784189633918261020e+00 0.000000000000000000e+00 0.000000000000000000e+00 0.000000000000000000e+00
6.214608098422191418e+00 9.612466578818832375e+00 1.019230647852497107e+01 7.945201132412758938e+00 2.708050201102210064e+00 0.000000000000000000e+00 0.000000000000000000e+00
6.214608098422191418e+00 9.609653260599149149e+00 1.018183872724643280e+01 7.930925372483388358e+00 2.484906649788000355e+00 0.000000000000000000e+00 0.000000000000000000e+00
6.214608098422191418e+00 9.616871578266344756e+00 1.021082518264634942e+01 7.986504938553995459e+00 3.218875824868200564e+00 0.000000000000000000e+00 0.000000000000000000e+00
6.214608098422191418e+00 9.627668172626858478e+00 1.024363161118906262e+01 8.083945702295620706e+00 2.890371757896164517e+00 0.000000000000000000e+00 0.000000000000000000e+00
6.214608098422191418e+00 9.612332790605375266e+00 1.019009404676097574e+01 7.925880316737559994e+00 3.135494215929149675e+00 0.000000000000000000e+00 0.000000000000000000e+00
6.214608098422191418e+00 9.616005460087013290e+00 1.020299937674148616e+01 8.003028666384732759e+00 2.708050201102210064e+00 0.000000000000000000e+00 0.000000000000000000e+00
6.214608098422191418e+00 9.621920081084201826e+00 1.022560728293294119e+01 8.034306936339488558e+00 3.401197381662155461e+00 0.000000000000000000e+00 0.000000000000000000e+00
6.214608098422191418e+00 9.631416327598493865e+00 1.025758918835573397e+01 8.101677747454571588e+00 3.135494215929149675e+00 0.000000000000000000e+00 0.000000000000000000e+00
6.214608098422191418e+00 9.620195828385639913e+00 1.023016194667722978e+01 8.048788283534198840e+00 3.433987204485146272e+00 0.000000000000000000e+00 0.000000000000000000e+00
6.214608098422191418e+00 9.624897356762565082e+00 1.023555725506751557e+01 8.042378005173279831e+00 3.295836866004329124e+00 0.000000000000000000e+00 0.000000000000000000e+00
6.214608098422191418e+00 1.013078247497281303e+01 1.174691399632460076e+01 1.105923603257504695e+01 8.033658427886150477e+00 2.772588722239781145e+00 0.000000000000000000e+00
6.214608098422191418e+00 1.011459900762649866e+01 1.169953780318133951e+01 1.098320580101774979e+01 7.991930519852477488e+00 2.772588722239781145e+00 0.000000000000000000e+00
6.214608098422191418e+00 1.011867957406271756e+01 1.171325064620375755e+01 1.099802488316220739e+01 7.945201132412758938e+00 2.890371757896164517e+00 0.000000000000000000e+00
6.214608098422191418e+00 1.011581279641445796e+01 1.170970039998416645e+01 1.101572328589451999e+01 8.079927770758274619e+00 2.995732273553990854e+00 0.000000000000000000e+00
6.214608098422191418e+00 1.010810046723090316e+01 1.168251632928536488e+01 1.094036627139887585e+01 7.892825526251117552e+00 2.944438979166440262e+00 0.000000000000000000e+00
6.214608098422191418e+00 1.012490962295199814e+01 1.173132980393715918e+01 1.103875315885227337e+01 8.021584533455106580e+00 2.564949357461536739e+00 0.000000000000000000e+00
6.214608098422191418e+00 1.012687107505494488e+01 1.173344156756215284e+01 1.103224099811622416e+01 8.032684875967619931e+00 2.708050201102210064e+00 0.000000000000000000e+00
6.214608098422191418e+00 1.013177783666986720e+01 1.175059500146049452e+01 1.107516441206124291e+01 8.122371243406552921e+00 2.484906649788000355e+00 0.000000000000000000e+00
6.214608098422191418e+00 1.012438859129755819e+01 1.172727042192808788e+01 1.102387764074579835e+01 8.048149101665201144e+00 2.639057329615258407e+00 0.000000000000000000e+00
6.214608098422191418e+00 1.012743078402090191e+01 1.173660487268774766e+01 1.104509547166533423e+01 8.028781162487147682e+00 2.302585092994045901e+00 0.000000000000000000e+00
6.214608098422191418e+00 1.053206954493627379e+01 1.295393289138981352e+01 1.348268327043782833e+01 1.212435269874383614e+01 8.912069097970134024e+00 3.610917912644224348e+00
6.214608098422191418e+00 1.053094888736661794e+01 1.294854318142120952e+01 1.346610909799204059e+01 1.208105349220916302e+01 8.773694146384443115e+00 2.833213344056216165e+00
6.214608098422191418e+00 1.052317654978384809e+01 1.292469749629576370e+01 1.341684627175327904e+01 1.199213038223033756e+01 8.641709066113804738e+00 3.496507561466480229e+00
6.214608098422191418e+00 1.053449333655822429e+01 1.296033373994838378e+01 1.349049622810367666e+01 1.211987729913335876e+01 8.844480518460377638e+00 3.806662489770319624e+00
6.214608098422191418e+00 1.053108236485583760e+01 1.294818616521602195e+01 1.346420261444978372e+01 1.207719327260604736e+01 8.777863714621169322e+00 3.583518938456109915e+00
6.214608098422191418e+00 1.052923880010952296e+01 1.294473319886642138e+01 1.346021038288335170e+01 1.207181527516185326e+01 8.745602852402946326e+00 3.218875824868200564e+00
6.214608098422191418e+00 1.052444031354758636e+01 1.292788016658333028e+01 1.342267387458075945e+01 1.200711548113476290e+01 8.678291111758564824e+00 3.218875824868200564e+00
6.214608098422191418e+00 1.053169613193716181e+01 1.295098176064870898e+01 1.347403663373196636e+01 1.210515778882593274e+01 8.845201135339584297e+00 3.044522437723423014e+00
6.214608098422191418e+00 1.052889108100955440e+01 1.294310273124007260e+01 1.345444168914642447e+01 1.205678346278644320e+01 8.756052599170450534e+00 3.367295829986474143e+00
6.214608098422191418e+00 1.052172259153094203e+01 1.292214258072254296e+01 1.341494492778817360e+01 1.199666556541724738e+01 8.659907293615413337e+00 3.761200115693562385e+00
6.214608098422191418e+00 1.082800435730749378e+01 1.384301676964548555e+01 1.526202781315999246e+01 1.508677446659242705e+01 1.331932392604842441e+01 9.960245886354737621e+00
6.214608098422191418e+00 1.081997826441294919e+01 1.381553655762627919e+01 1.519970020572810832e+01 1.497063644151015183e+01 1.312357863867513075e+01 9.666498594399865141e+00
6.214608098422191418e+00 1.081771615969183564e+01 1.380860074006325533e+01 1.518679838213759936e+01 1.495182959380448828e+01 1.310090069297545234e+01 9.613202094214232218e+00
6.214608098422191418e+00 1.081653302424525442e+01 1.380578643152495921e+01 1.518248371088721171e+01 1.494746606469107775e+01 1.309852345117359285e+01 9.620461291620541644e+00
6.214608098422191418e+00 1.081512748619485542e+01 1.380163067653023390e+01 1.517374412177276710e+01 1.493141218754964328e+01 1.307721955723505047e+01 9.650464522569189185e+00
6.214608098422191418e+00 1.081448429594917293e+01 1.379888206776073822e+01 1.516644195523813643e+01 1.491426716955066389e+01 1.303590530186067298e+01 9.526026640837560677e+00
6.214608098422191418e+00 1.081817700304330998e+01 1.381142120795844974e+01 1.519512515907870842e+01 1.497164115866417156e+01 1.314992795950031912e+01 9.778321076243233989e+00
6.214608098422191418e+00 1.081639255930607391e+01 1.380477311742153290e+01 1.517877423722155683e+01 1.493735911471486233e+01 1.307797670362426423e+01 9.591239526139096583e+00
6.214608098422191418e+00 1.082213550398396151e+01 1.382351245720333210e+01 1.521922210543785958e+01 1.500884436836305191e+01 1.318769970520951063e+01 9.763938087586042869e+00
6.214608098422191418e+00 1.081206864134023071e+01 1.379387723596866344e+01 1.516201286274544557e+01 1.491953252125492391e+01 1.306917776740061221e+01 9.578726471842927026e+00
6.214608098422191418e+00 1.103873709188515306e+01 1.447216801282762511e+01 1.651470486110309821e+01 1.716647082412764647e+01 1.642892211373240485e+01 1.430571563202673246e+01
6.214608098422191418e+00 1.104320979426045390e+01 1.448619891666459303e+01 1.654407039127773871e+01 1.721755304908747775e+01 1.650790937940647751e+01 1.441480025304836055e+01
6.214608098422191418e+00 1.103992535074421788e+01 1.447702929104373304e+01 1.652731948619278768e+01 1.719272165502770022e+01 1.647676079313805175e+01 1.438505857192136439e+01
6.214608098422191418e+00 1.104836300567387575e+01 1.450078835599543403e+01 1.657154933220638426e+01 1.726042222743103238e+01 1.656763633494594856e+01 1.449601009318685385e+01
6.214608098422191418e+00 1.103505094134392372e+01 1.446179094848431745e+01 1.649558225216690843e+01 1.713802098195284174e+01 1.639232060621288412e+01 1.426172021759406228e+01
6.214608098422191418e+00 1.103622747843176555e+01 1.446296295372125051e+01 1.649277276901637279e+01 1.712300590273353862e+01 1.634988246145779556e+01 1.416848446149443141e+01
6.214608098422191418e+00 1.104128850256181416e+01 1.447888592359708326e+01 1.652624894266116939e+01 1.718185314065142322e+01 1.644338718727505722e+01 1.430572053202091354e+01
6.214608098422191418e+00 1.104120836857775068e+01 1.447958571278776674e+01 1.652923357153005313e+01 1.718941200549987514e+01 1.645896847648379335e+01 1.433472926109252121e+01
6.214608098422191418e+00 1.103480901561394312e+01 1.446222943296954355e+01 1.649883457091246086e+01 1.714672682999297493e+01 1.640807867419133359e+01 1.428889845411315562e+01
6.214608098422191418e+00 1.104775812201594398e+01 1.450024847960947305e+01 1.657261679265141652e+01 1.726489446132293892e+01 1.657577166898276744e+01 1.450572143179193318e+01
6.214608098422191418e+00 8.188966863648875716e+00 9.033841828485016379e+00 9.040500592684283632e+00 8.315566483564277078e+00 6.904750769961838230e+00 4.867534450455582196e+00
6.214608098422191418e+00 8.176110342237342010e+00 9.013838751608394873e+00 9.045229851912582220e+00 8.397959103492539157e+00 7.109062135687172379e+00 5.153291594497779293e+00
6.214608098422191418e+00 8.172446818342779196e+00 8.972210078353649365e+00 8.911395107245690284e+00 8.084870629138190878e+00 6.553933404025810816e+00 4.343805421853684123e+00
6.214608098422191418e+00 8.147867129923946905e+00 8.910450756416656404e+00 8.826147399143557948e+00 8.058010800802085427e+00 6.721425700790643276e+00 4.927253685157205076e+00
6.214608098422191418e+00 8.187855443695623237e+00 9.046879822823147066e+00 9.085230560933338140e+00 8.382975849296428805e+00 6.958448393297655521e+00 4.770684624465665102e+00
6.214608098422191418e+00 8.200288260287553754e+00 9.013351778138824599e+00 8.927977461002001291e+00 8.051022208190678597e+00 6.410174881966167248e+00 3.871201010907891149e+00
6.214608098422191418e+00 8.171034189205480303e+00 8.965973184210346503e+00 8.874028122556335774e+00 7.993957547573565137e+00 6.361302477572995606e+00 3.912023005428145961e+00
6.214608098422191418e+00 8.121480374750751352e+00 8.849083518532339099e+00 8.718500048121272883e+00 7.870165946469844798e+00 6.336825731146441321e+00 4.094344562222100414e+00
6.214608098422191418e+00 8.205218426395411768e+00 9.086023537468802758e+00 9.157572306437527843e+00 8.530306830561620757e+00 7.276556402718710181e+00 5.488937726156686736e+00
6.214608098422191418e+00 8.199464197612160277e+00 9.036225051729326552e+00 9.051344640485725179e+00 8.376320632534822508e+00 7.066466970136957571e+00 5.105945473900580289e+00
6.214608098422191418e+00 9.225819942824568187e+00 1.113464741670602720e+01 1.221086613836424029e+01 1.256217242409300816e+01 1.224204771265276115e+01 1.127437635506865732e+01
6.214608098422191418e+00 9.266342562091468338e+00 1.122114165856402757e+01 1.233790321757905240e+01 1.271828830275186917e+01 1.242351195856756263e+01 1.151077315040208582e+01
6.214608098422191418e+00 9.245707515813473165e+00 1.117707503498719213e+01 1.227272143847710240e+01 1.263514034147321041e+01 1.231649532678026482e+01 1.133982129722588184e+01
6.214608098422191418e+00 9.232884336411077086e+00 1.114264408619654567e+01 1.221550303925926073e+01 1.256085479927120829e+01 1.223571882259520294e+01 1.126725507907440793e+01
6.214608098422191418e+00 9.217216675915615554e+00 1.110620456869005857e+01 1.215786930914363317e+01 1.248743604716127109e+01 1.215713972117099040e+01 1.119898154932952217e+01
6.214608098422191418e+00 9.258844781035797666e+00 1.121563740237321305e+01 1.235672292036766251e+01 1.278985407796437634e+01 1.257171872819861846e+01 1.173882521447815463e+01
6.214608098422191418e+00 9.215228406048959542e+00 1.111258221771006660e+01 1.218439436028690182e+01 1.253895989231902774e+01 1.223051644668174198e+01 1.128285799858319471e+01
6.214608098422191418e+00 9.225130457448818433e+00 1.113882820141105512e+01 1.222378976633533121e+01 1.258568647004790542e+01 1.227903960983909570e+01 1.132607768024376149e+01
6.214608098422191418e+00 9.211639527707802699e+00 1.110648988610761734e+01 1.215979307717599234e+01 1.246563683961080748e+01 1.206884299419795248e+01 1.098990916932682715e+01
6.214608098422191418e+00 9.225327501784430950e+00 1.114572388128711289e+01 1.224835597178491042e+01 1.264571049076214315e+01 1.240240393939322594e+01 1.155408660197517001e+01
6.214608098422191418e+00 1.023602348062153489e+01 1.324111305682116857e+01 1.545076337980727565e+01 1.695964318127095893e+01 1.782070048442127685e+01 1.806788018488220970e+01
6.214608098422191418e+00 1.019783486285666996e+01 1.315361976705488267e+01 1.531070349342435044e+01 1.677280538752958705e+01 1.760185416586861962e+01 1.783933833813732761e+01
6.214608098422191418e+00 1.016473580988388292e+01 1.307471815753594768e+01 1.517274293091007209e+01 1.655801687027893010e+01 1.728775411497479197e+01 1.739968172811548541e+01
6.214608098422191418e+00 1.023102715456133360e+01 1.323000808231445014e+01 1.543865411745448668e+01 1.695731508281805944e+01 1.784398620335366559e+01 1.813681330652018175e+01
6.214608098422191418e+00 1.017903378264338699e+01 1.311223425056811109e+01 1.523835427888661087e+01 1.665676874940212215e+01 1.742564164763095746e+01 1.758317270318725534e+01
6.214608098422191418e+00 1.019984439017774314e+01 1.315821303029802536e+01 1.531698167244665854e+01 1.677731141732773779e+01 1.759733296038146477e+01 1.781430202087949510e+01
6.214608098422191418e+00 1.019548529905551071e+01 1.314801747883563898e+01 1.529717146093648239e+01 1.674278870773784433e+01 1.754446963510892843e+01 1.774302723418078642e+01
6.214608098422191418e+00 1.022277729773385069e+01 1.320168828906239433e+01 1.537109020507306312e+01 1.682854178802907441e+01 1.763077014214408322e+01 1.781405789679557472e+01
6.214608098422191418e+00 1.024689993624128270e+01 1.327336969031585312e+01 1.551044832227593773e+01 1.705247334313492757e+01 1.795285862148947587e+01 1.824532384154977649e+01
6.214608098422191418e+00 1.022944036783147403e+01 1.321405246350061802e+01 1.538976658220019722e+01 1.685443200605583058e+01 1.766429525261489530e+01 1.785554740981572763e+01
6.214608098422191418e+00 9.171495588152614786e+00 9.443117372258630127e+00 7.305860032684009298e+00 2.484906649788000355e+00 0.000000000000000000e+00 0.000000000000000000e+00
6.214608098422191418e+00 9.173780116664380202e+00 9.411483683010725798e+00 7.107425474110704577e+00 2.079441541679835748e+00 0.000000000000000000e+00 0.000000000000000000e+00
6.214608098422191418e+00 9.170247278409737746e+00 9.501516333682220150e+00 7.463363045520020833e+00 2.890371757896164517e+00 0.000000000000000000e+00 0.000000000000000000e+00
6.214608098422191418e+00 9.175645402179295473e+00 9.436997742590188309e+00 7.317876198626495743e+00 3.258096538021482136e+00 0.000000000000000000e+00 0.000000000000000000e+00
6.214608098422191418e+00 9.170663554823283548e+00 9.490695669041503635e+00 7.406710730177640478e+00 2.397895272798370669e+00 0.000000000000000000e+00 0.000000000000000000e+00
6.214608098422191418e+00 9.174298600628917555e+00 9.451716691551451888e+00 7.350516171833998413e+00 2.833213344056216165e+00 0.000000000000000000e+00 0.000000000000000000e+00
6.214608098422191418e+00 9.176886995716962758e+00 9.510148624225804426e+00 7.518064181233078180e+00 3.401197381662155461e+00 0.000000000000000000e+00 0.000000000000000000e+00
6.214608098422191418e+00 9.174609562020384246e+00 9.474702639106347135e+00 7.391415234675358548e+00 3.044522437723423014e+00 0.000000000000000000e+00 0.000000000000000000e+00
6.214608098422191418e+00 9.174194925339829609e+00 9.492733482494353225e+00 7.490529402060711384e+00 3.258096538021482136e+00 0.000000000000000000e+00 0.000000000000000000e+00
6.214608098422191418e+00 9.171911345356400957e+00 9.519294579703503345e+00 7.527793987721444147e+00 3.526360524616161563e+00 0.000000000000000000e+00 0.000000000000000000e+00
6.214608098422191418e+00 9.834351813701266209e+00 1.137135037984475083e+01 1.107424994560415676e+01 9.085343881801497545e+00 5.501258210544727412e+00 0.000000000000000000e+00
6.214608098422191418e+00 9.833494180715593558e+00 1.139111934756193634e+01 1.114225301138764301e+01 9.206432747145164797e+00 5.541263545158425785e+00 0.000000000000000000e+00
6.214608098422191418e+00 9.829733363947466884e+00 1.139346602493290028e+01 1.120577510932304932e+01 9.460398455831274589e+00 6.295266001439646431e+00 1.098612288668109782e+00
6.214608098422191418e+00 9.828386780026876934e+00 1.146088452274261904e+01 1.142152264149688534e+01 9.857077054713464292e+00 6.807934943699925689e+00 1.609437912434100282e+00
6.214608098422191418e+00 9.820268973785195143e+00 1.149749705681300860e+01 1.160387159067301965e+01 1.034009596741305081e+01 7.772752716468741774e+00 3.891820298110626464e+00
6.214608098422191418e+00 9.828925631209223468e+00 1.141969112911024276e+01 1.129686923912663588e+01 9.634038248345406785e+00 6.525029657843462338e+00 1.945910149055313232e+00
6.214608098422191418e+00 9.826012379256717111e+00 1.145201767806634408e+01 1.141048291014307026e+01 9.874470603465635321e+00 6.827629234502851752e+00 1.791759469228054957e+00
6.214608098422191418e+00 9.826498511007992320e+00 1.146039983261870177e+01 1.144804555223184295e+01 9.921474807550515251e+00 6.838405200847343934e+00 2.639057329615258407e+00
6.214608098422191418e+00 9.834405391348683523e+00 1.139310535588792028e+01 1.115010309282616774e+01 9.202409001649902720e+00 5.513428746164982464e+00 6.931471805599452862e-01
6.214608098422191418e+00 9.828009411360170589e+00 1.143066279500280302e+01 1.132176495950906947e+01 9.659439517104408068e+00 6.511745329644727853e+00 1.791759469228054957e+00
6.214608098422191418e+00 1.032810147948305257e+01 1.293596873685536153e+01 1.434347231591498861e+01 1.472823895224163948e+01 1.417499106263440645e+01 1.271142833645313353e+01
6.214608098422191418e+00 1.033932019726068852e+01 1.291182751412920204e+01 1.420102802826274235e+01 1.436572399630594177e+01 1.349849716406189870e+01 1.162378682321337564e+01
6.214608098422191418e+00 1.033286448069060448e+01 1.291289094897560830e+01 1.422981448833963469e+01 1.445503119791773194e+01 1.370603157304269892e+01 1.204206437221617065e+01
6.214608098422191418e+00 1.032810147948305257e+01 1.293007148155704300e+01 1.434996207924088729e+01 1.477123851801218102e+01 1.427947599395767675e+01 1.289590182761617321e+01
6.214608098422191418e+00 1.034051592510041040e+01 1.291354177559766825e+01 1.419259608161356212e+01 1.431861464726413047e+01 1.336106054172530300e+01 1.133121172341915894e+01
6.214608098422191418e+00 1.033718372098511828e+01 1.292714622873095820e+01 1.423442547715681528e+01 1.440460858487747764e+01 1.352532669196850179e+01 1.163808566674343936e+01
6.214608098422191418e+00 1.032989842515975454e+01 1.294693083675423750e+01 1.438568130298191505e+01 1.480668239162183220e+01 1.427080528981653273e+01 1.277601775896929404e+01
6.214608098422191418e+00 1.034103255410770394e+01 1.289463181725527008e+01 1.412424227398179788e+01 1.415815229544516995e+01 1.305118955794980451e+01 1.080992994835546916e+01
6.214608098422191418e+00 1.033536736681574375e+01 1.291595402508128387e+01 1.423951802243652942e+01 1.448302039231354144e+01 1.376233233031093839e+01 1.213804537912511705e+01
6.214608098422191418e+00 1.033452293675582290e+01 1.292105714669909844e+01 1.427940242337279741e+01 1.461157662583204697e+01 1.403186551885210953e+01 1.255928259329724206e+01
