0.000000000000000000e+00 8.228710798793686720e+00 3.526360524616161563e+00 0.000000000000000000e+00 0.000000000000000000e+00 0.000000000000000000e+00 0.000000000000000000e+00
0.000000000000000000e+00 8.215817791832453310e+00 3.526360524616161563e+00 0.000000000000000000e+00 0.000000000000000000e+00 0.000000000000000000e+00 0.000000000000000000e+00
0.000000000000000000e+00 8.211211361793022689e+00 3.332204510175203804e+00 0.000000000000000000e+00 0.000000000000000000e+00 0.000000000000000000e+00 0.000000000000000000e+00
0.000000000000000000e+00 8.213381737034572083e+00 3.526360524616161563e+00 0.000000000000000000e+00 0.000000000000000000e+00 0.000000000000000000e+00 0.000000000000000000e+00
0.000000000000000000e+00 8.245121966478604847e+00 3.496507561466480229e+00 0.000000000000000000e+00 0.000000000000000000e+00 0.000000000000000000e+00 0.000000000000000000e+00
0.000000000000000000e+00 8.212297138229768478e+00 3.828641396489095072e+00 0.000000000000000000e+00 0.000000000000000000e+00 0.000000000000000000e+00 0.000000000000000000e+00
0.000000000000000000e+00 8.228710798793686720e+00 3.433987204485146272e+00 0.000000000000000000e+00 0.000000000000000000e+00 0.000000000000000000e+00 0.000000000000000000e+00
0.000000000000000000e+00 8.234034207692040752e+00 3.091042453358316067e+00 0.000000000000000000e+00 0.000000000000000000e+00 0.000000000000000000e+00 0.000000000000000000e+00
0.000000000000000000e+00 8.229244416735912893e+00 3.295836866004329124e+00 0.000000000000000000e+00 0.000000000000000000e+00 0.000000000000000000e+00 0.000000000000000000e+00
0.000000000000000000e+00 8.207401833376355427e+00 3.610917912644224348e+00 0.000000000000000000e+00 0.000000000000000000e+00 0.000000000000000000e+00 0.000000000000000000e+00
0.000000000000000000e+00 4.615120516841259679e+00 9.163353580751845584e+00 0.000000000000000000e+00 0.000000000000000000e+00 0.000000000000000000e+00 0.000000000000000000e+00
0.000000000000000000e+00 4.653960350157523074e+00 9.143024664691315806e+00 1.386294361119890572e+00 0.000000000000000000e+00 0.000000000000000000e+00 0.000000000000000000e+00
0.000000000000000000e+00 4.521788577049040470e+00 9.196140022575042039e+00 1.386294361119890572e+00 0.000000000000000000e+00 0.000000000000000000e+00 0.000000000000000000e+00
0.000000000000000000e+00 4.290459441148390951e+00 9.237663667625072961e+00 1.609437912434100282e+00 0.000000000000000000e+00 0.000000000000000000e+00 0.000000000000000000e+00
0.000000000000000000e+00 4.499809670330265021e+00 9.162724518034519150e+00 0.000000000000000000e+00 0.000000000000000000e+00 0.000000000000000000e+00 0.000000000000000000e+00
0.000000000000000000e+00 4.553876891600540766e+00 9.170663554823283548e+00 2.397895272798370669e+00 0.000000000000000000e+00 0.000000000000000000e+00 0.000000000000000000e+00
0.000000000000000000e+00 4.564348191467836102e+00 9.215725844252521171e+00 1.609437912434100282e+00 0.000000000000000000e+00 0.000000000000000000e+00 0.000000000000000000e+00
0.000000000000000000e+00 4.276666119016055312e+00 9.264923249746473743e+00 1.609437912434100282e+00 0.000000000000000000e+00 0.000000000000000000e+00 0.000000000000000000e+00
0.000000000000000000e+00 4.262679877041315457e+00 9.223651386035854216e+00 6.931471805599452862e-01 0.000000000000000000e+00 0.000000000000000000e+00 0.000000000000000000e+00
0.000000000000000000e+00 4.369447852467021498e+00 9.233666197279680077e+00 0.000000000000000000e+00 0.000000000000000000e+00 0.000000000000000000e+00 0.000000000000000000e+00
0.000000000000000000e+00 0.000000000000000000e+00 1.065254236503436935e+01 6.911747300251674275e+00 0.000000000000000000e+00 0.000000000000000000e+00 0.000000000000000000e+00
0.000000000000000000e+00 0.000000000000000000e+00 1.062575654666809122e+01 6.690842277418563633e+00 0.000000000000000000e+00 0.000000000000000000e+00 0.000000000000000000e+00
0.000000000000000000e+00 0.000000000000000000e+00 1.063909538428483792e+01 6.698268054115413150e+00 0.000000000000000000e+00 0.000000000000000000e+00 0.000000000000000000e+00
0.000000000000000000e+00 0.000000000000000000e+00 1.061660891430349096e+01 6.810142450115136192e+00 0.000000000000000000e+00 0.000000000000000000e+00 0.000000000000000000e+00
0.000000000000000000e+00 0.000000000000000000e+00 1.063417133662479941e+01 6.732210706467205874e+00 0.000000000000000000e+00 0.000000000000000000e+00 0.000000000000000000e+00
0.000000000000000000e+00 0.000000000000000000e+00 1.063792062000161565e+01 6.849066282633457625e+00 0.000000000000000000e+00 0.000000000000000000e+00 0.000000000000000000e+00
0.000000000000000000e+00 0.000000000000000000e+00 1.065362924461588179e+01 6.860663671448286927e+00 6.931471805599452862e-01 0.000000000000000000e+00 0.000000000000000000e+00
0.000000000000000000e+00 0.000000000000000000e+00 1.064220543463853197e+01 6.753437918597779976e+00 0.000000000000000000e+00 0.000000000000000000e+00 0.000000000000000000e+00
0.000000000000000000e+00 0.000000000000000000e+00 1.064915602318817278e+01 6.809039306042979689e+00 6.931471805599452862e-01 0.000000000000000000e+00 0.000000000000000000e+00
0.000000000000000000e+00 0.000000000000000000e+00 1.064136906443624397e+01 6.759255270663692805e+00 0.000000000000000000e+00 0.000000000000000000e+00 0.000000000000000000e+00
0.000000000000000000e+00 0.000000000000000000e+00 6.893656354602635261e+00 1.198155314803603311e+01 6.758094504427730520e+00 2.079441541679835748e+00 0.000000000000000000e+00
0.000000000000000000e+00 0.000000000000000000e+00 6.984716320118265820e+00 1.196550314039258645e+01 6.672032945461067399e+00 0.000000000000000000e+00 0.000000000000000000e+00
0.000000000000000000e+00 0.000000000000000000e+00 7.101675971619443750e+00 1.189884071383367825e+01 6.375024819828096767e+00 1.609437912434100282e+00 0.000000000000000000e+00
0.000000000000000000e+00 0.000000000000000000e+00 6.830874234646179488e+00 1.200308092523930625e+01 6.613384218379559698e+00 1.098612288668109782e+00 0.000000000000000000e+00
0.000000000000000000e+00 0.000000000000000000e+00 6.982862751468942086e+00 1.196176929638033748e+01 6.675823221634847648e+00 6.931471805599452862e-01 0.000000000000000000e+00
0.000000000000000000e+00 0.000000000000000000e+00 6.993015122932960459e+00 1.195656586817772116e+01 6.612041034833091580e+00 0.000000000000000000e+00 0.000000000000000000e+00
0.000000000000000000e+00 0.000000000000000000e+00 7.082548569355299861e+00 1.190306032974676498e+01 6.480044561926653124e+00 1.098612288668109782e+00 0.000000000000000000e+00
0.000000000000000000e+00 0.000000000000000000e+00 6.978213742630698491e+00 1.196884284724089120e+01 6.697034247666484141e+00 2.197224577336219564e+00 0.000000000000000000e+00
0.000000000000000000e+00 0.000000000000000000e+00 7.034387929915503435e+00 1.195324278384560301e+01 6.563855526532127449e+00 0.000000000000000000e+00 0.000000000000000000e+00
0.000000000000000000e+00 0.000000000000000000e+00 7.120444372392487509e+00 1.189453494345336892e+01 6.484635235635251682e+00 6.931471805599452862e-01 0.000000000000000000e+00
0.000000000000000000e+00 0.000000000000000000e+00 0.000000000000000000e+00 1.269928608123537295e+01 1.170317385458016801e+01 7.186144304522325221e+00 1.386294361119890572e+00
0.000000000000000000e+00 0.000000000000000000e+00 0.000000000000000000e+00 1.291837273255950613e+01 1.146826277106403502e+01 6.836259277277067170e+00 0.000000000000000000e+00
0.000000000000000000e+00 0.000000000000000000e+00 1.386294361119890572e+00 1.293757237403548110e+01 1.144693522393038343e+01 6.738152494595957442e+00 0.000000000000000000e+00
0.000000000000000000e+00 0.000000000000000000e+00 0.000000000000000000e+00 1.292743063281516669e+01 1.144605890271328441e+01 6.828712071641684034e+00 0.000000000000000000e+00
0.000000000000000000e+00 0.000000000000000000e+00 6.931471805599452862e-01 1.296548732044171359e+01 1.143067365235349975e+01 6.884486652042782318e+00 1.609437912434100282e+00
0.000000000000000000e+00 0.000000000000000000e+00 0.000000000000000000e+00 1.298817348230034519e+01 1.138361372848988928e+01 6.747586526829315368e+00 0.000000000000000000e+00
0.000000000000000000e+00 0.000000000000000000e+00 0.000000000000000000e+00 1.289465190902442693e+01 1.147273868532494667e+01 7.010311867307229328e+00 2.397895272798370669e+00
0.000000000000000000e+00 0.000000000000000000e+00 0.000000000000000000e+00 1.295699568815856040e+01 1.141672288709716732e+01 6.875232087276576642e+00 1.386294361119890572e+00
0.000000000000000000e+00 0.000000000000000000e+00 0.000000000000000000e+00 1.281986271667371113e+01 1.153558674751330670e+01 6.816735880594968044e+00 1.945910149055313232e+00
0.000000000000000000e+00 0.000000000000000000e+00 6.931471805599452862e-01 1.294356680056217535e+01 1.139776149656100657e+01 6.831953565565854980e+00 1.386294361119890572e+00
0.000000000000000000e+00 0.000000000000000000e+00 0.000000000000000000e+00 8.807771066980043528e+00 1.511681576874252109e+01 1.182961035989272247e+01 7.643003635560718045e+00
0.000000000000000000e+00 0.000000000000000000e+00 0.000000000000000000e+00 8.708969906980946973e+00 1.515785068045503969e+01 1.191949662784091224e+01 7.786967002614871625e+00
0.000000000000000000e+00 0.000000000000000000e+00 0.000000000000000000e+00 8.733755131364892677e+00 1.512716811481569401e+01 1.185192308156203289e+01 7.710205194432532494e+00
0.000000000000000000e+00 0.000000000000000000e+00 0.000000000000000000e+00 8.595819511871427565e+00 1.520049481126757129e+01 1.202175309407354575e+01 7.870929596755142477e+00
0.000000000000000000e+00 0.000000000000000000e+00 0.000000000000000000e+00 8.855235623206967333e+00 1.508528823751287362e+01 1.174956947361825677e+01 7.500529485395294849e+00
0.000000000000000000e+00 0.000000000000000000e+00 0.000000000000000000e+00 8.856518497019857605e+00 1.509479554480578933e+01 1.167614914607224286e+01 7.387090235656756931e+00
0.000000000000000000e+00 0.000000000000000000e+00 0.000000000000000000e+00 8.727616178321067508e+00 1.514199440329347368e+01 1.182167407153371030e+01 7.581209826196346313e+00
0.000000000000000000e+00 0.000000000000000000e+00 0.000000000000000000e+00 8.714074899541522257e+00 1.514220431965279268e+01 1.185567793954859184e+01 7.660585461703256271e+00
0.000000000000000000e+00 0.000000000000000000e+00 0.000000000000000000e+00 8.866440619526173350e+00 1.509193592214761992e+01 1.179817959234734204e+01 7.642524134232902000e+00
0.000000000000000000e+00 0.000000000000000000e+00 0.000000000000000000e+00 8.615589513272430722e+00 1.520534888182313793e+01 1.206460124285998958e+01 8.034631032923106986e+00
0.000000000000000000e+00 3.526360524616161563e+00 4.948759890378168436e+00 4.043051267834550266e+00 0.000000000000000000e+00 0.000000000000000000e+00 0.000000000000000000e+00
6.931471805599452862e-01 3.332204510175203804e+00 4.770684624465665102e+00 3.555348061489413514e+00 1.098612288668109782e+00 0.000000000000000000e+00 0.000000000000000000e+00
0.000000000000000000e+00 3.465735902799726542e+00 4.779123493111529619e+00 4.007333185232471173e+00 1.609437912434100282e+00 0.000000000000000000e+00 0.000000000000000000e+00
0.000000000000000000e+00 3.044522437723423014e+00 5.049856007249537093e+00 3.784189633918261020e+00 1.098612288668109782e+00 0.000000000000000000e+00 0.000000000000000000e+00
0.000000000000000000e+00 3.218875824868200564e+00 4.615120516841259679e+00 4.276666119016055312e+00 0.000000000000000000e+00 0.000000000000000000e+00 0.000000000000000000e+00
0.000000000000000000e+00 3.135494215929149675e+00 5.225746673713201673e+00 4.060443010546419096e+00 0.000000000000000000e+00 0.000000000000000000e+00 0.000000000000000000e+00
0.000000000000000000e+00 3.295836866004329124e+00 5.003946305945459194e+00 3.637586159726385659e+00 0.000000000000000000e+00 0.000000000000000000e+00 0.000000000000000000e+00
0.000000000000000000e+00 3.583518938456109915e+00 5.099866427824198745e+00 3.465735902799726542e+00 0.000000000000000000e+00 0.000000000000000000e+00 0.000000000000000000e+00
0.000000000000000000e+00 3.496507561466480229e+00 4.836281906951477971e+00 4.330733340286331057e+00 1.386294361119890572e+00 0.000000000000000000e+00 0.000000000000000000e+00
0.000000000000000000e+00 3.367295829986474143e+00 4.955827057601260854e+00 4.025351690735149646e+00 0.000000000000000000e+00 0.000000000000000000e+00 0.000000000000000000e+00
0.000000000000000000e+00 0.000000000000000000e+00 1.609437912434100282e+00 6.208590026096628911e+00 7.176254532017144250e+00 4.976733742420574202e+00 0.000000000000000000e+00
0.000000000000000000e+00 0.000000000000000000e+00 2.397895272798370669e+00 5.961005339623273613e+00 7.486613313139955039e+00 4.736198448394495664e+00 0.000000000000000000e+00
0.000000000000000000e+00 0.000000000000000000e+00 2.079441541679835748e+00 6.150602768446279178e+00 7.297091005160417865e+00 4.787491742782045812e+00 0.000000000000000000e+00
0.000000000000000000e+00 0.000000000000000000e+00 1.791759469228054957e+00 6.052089168924417173e+00 7.076653815443950890e+00 4.343805421853684123e+00 0.000000000000000000e+00
0.000000000000000000e+00 0.000000000000000000e+00 2.302585092994045901e+00 6.361302477572995606e+00 7.095064377287131130e+00 4.897839799950911122e+00 1.098612288668109782e+00
0.000000000000000000e+00 0.000000000000000000e+00 1.945910149055313232e+00 6.214608098422191418e+00 7.393878290107755547e+00 5.407171771460118848e+00 0.000000000000000000e+00
0.000000000000000000e+00 0.000000000000000000e+00 2.302585092994045901e+00 5.961005339623273613e+00 7.043159915988340458e+00 4.844187086458591196e+00 0.000000000000000000e+00
0.000000000000000000e+00 0.000000000000000000e+00 1.945910149055313232e+00 6.139884552226255288e+00 7.208600337960199056e+00 5.303304908059075728e+00 0.000000000000000000e+00
0.000000000000000000e+00 0.000000000000000000e+00 6.931471805599452862e-01 6.028278520230697879e+00 7.293017679772781925e+00 4.488636369732139642e+00 0.000000000000000000e+00
0.000000000000000000e+00 0.000000000000000000e+00 2.833213344056216165e+00 6.180016653652572245e+00 7.254884810077338209e+00 5.375278407684165316e+00 1.609437912434100282e+00
0.000000000000000000e+00 0.000000000000000000e+00 0.000000000000000000e+00 6.931471805599452862e-01 6.721425700790643276e+00 1.038393643964340285e+01 1.158893234733792177e+01
0.000000000000000000e+00 0.000000000000000000e+00 0.000000000000000000e+00 1.098612288668109782e+00 6.865891074883438527e+00 1.038090115995687590e+01 1.108995808172592135e+01
0.000000000000000000e+00 0.000000000000000000e+00 0.000000000000000000e+00 1.791759469228054957e+00 7.114769448366462967e+00 1.046604187588706836e+01 1.070367134332229675e+01
0.000000000000000000e+00 0.000000000000000000e+00 0.000000000000000000e+00 1.609437912434100282e+00 6.679599185844383058e+00 1.028691152976741208e+01 1.142107329933719484e+01
0.000000000000000000e+00 0.000000000000000000e+00 0.000000000000000000e+00 6.931471805599452862e-01 6.990256500493880587e+00 1.050328513010438236e+01 1.097059197410254683e+01
0.000000000000000000e+00 0.000000000000000000e+00 0.000000000000000000e+00 0.000000000000000000e+00 6.810142450115136192e+00 1.025343995071403391e+01 1.118083162914763484e+01
0.000000000000000000e+00 0.000000000000000000e+00 0.000000000000000000e+00 1.386294361119890572e+00 6.988413181999591828e+00 1.046161652141798548e+01 1.107932319361276896e+01
0.000000000000000000e+00 0.000000000000000000e+00 0.000000000000000000e+00 6.931471805599452862e-01 6.650279048587422359e+00 1.049296722793130954e+01 1.130274749604604168e+01
0.000000000000000000e+00 0.000000000000000000e+00 0.000000000000000000e+00 6.931471805599452862e-01 6.840546529288687339e+00 1.036151348470991707e+01 1.174219421887134907e+01
0.000000000000000000e+00 0.000000000000000000e+00 0.000000000000000000e+00 6.931471805599452862e-01 6.461468176353717396e+00 1.042418429609738162e+01 1.132140169741147417e+01
0.000000000000000000e+00 6.317164686747283930e+00 7.855157005881344467e+00 0.000000000000000000e+00 0.000000000000000000e+00 0.000000000000000000e+00 0.000000000000000000e+00
0.000000000000000000e+00 6.309918278226516186e+00 7.793174347189204987e+00 0.000000000000000000e+00 0.000000000000000000e+00 0.000000000000000000e+00 0.000000000000000000e+00
0.000000000000000000e+00 6.113682179832231611e+00 8.007700012884026108e+00 1.609437912434100282e+00 0.000000000000000000e+00 0.000000000000000000e+00 0.000000000000000000e+00
0.000000000000000000e+00 6.440946540632920936e+00 7.836764783264066558e+00 6.931471805599452862e-01 0.000000000000000000e+00 0.000000000000000000e+00 0.000000000000000000e+00
0.000000000000000000e+00 6.190315405853147546e+00 7.999678579499450493e+00 1.386294361119890572e+00 0.000000000000000000e+00 0.000000000000000000e+00 0.000000000000000000e+00
0.000000000000000000e+00 6.363028103540464997e+00 7.875499292445208077e+00 2.197224577336219564e+00 0.000000000000000000e+00 0.000000000000000000e+00 0.000000000000000000e+00
0.000000000000000000e+00 6.186208623900493642e+00 8.009030685069729927e+00 2.197224577336219564e+00 0.000000000000000000e+00 0.000000000000000000e+00 0.000000000000000000e+00
0.000000000000000000e+00 6.177944114050600177e+00 7.922261058353247343e+00 0.000000000000000000e+00 0.000000000000000000e+00 0.000000000000000000e+00 0.000000000000000000e+00
0.000000000000000000e+00 6.308098441509530474e+00 7.973499964024630238e+00 6.931471805599452862e-01 0.000000000000000000e+00 0.000000000000000000e+00 0.000000000000000000e+00
0.000000000000000000e+00 6.086774726912306477e+00 8.044626279767337351e+00 1.791759469228054957e+00 0.000000000000000000e+00 0.000000000000000000e+00 0.000000000000000000e+00
0.000000000000000000e+00 1.098612288668109782e+00 9.626349693960017717e+00 7.804659297056102396e+00 3.044522437723423014e+00 0.000000000000000000e+00 0.000000000000000000e+00
0.000000000000000000e+00 6.931471805599452862e-01 9.559940347242951830e+00 8.053569169134540573e+00 3.178053830347945752e+00 0.000000000000000000e+00 0.000000000000000000e+00
0.000000000000000000e+00 1.609437912434100282e+00 9.459385560813045046e+00 8.146998697389992827e+00 3.663561646129646299e+00 0.000000000000000000e+00 0.000000000000000000e+00
0.000000000000000000e+00 0.000000000000000000e+00 9.191157552559408472e+00 8.712430973476738671e+00 4.290459441148390951e+00 0.000000000000000000e+00 0.000000000000000000e+00
0.000000000000000000e+00 6.931471805599452862e-01 8.839711378703475120e+00 8.916908467543795069e+00 5.407171771460118848e+00 0.000000000000000000e+00 0.000000000000000000e+00
0.000000000000000000e+00 0.000000000000000000e+00 9.348448774093812474e+00 8.406931797158700093e+00 4.143134726391532574e+00 0.000000000000000000e+00 0.000000000000000000e+00
0.000000000000000000e+00 0.000000000000000000e+00 9.169622538697623781e+00 8.585412430393381200e+00 4.406719247264253347e+00 0.000000000000000000e+00 0.000000000000000000e+00
0.000000000000000000e+00 0.000000000000000000e+00 9.125871215349732779e+00 8.816853240627425592e+00 5.030437921392435285e+00 1.609437912434100282e+00 0.000000000000000000e+00
0.000000000000000000e+00 1.098612288668109782e+00 9.514510761932765348e+00 7.980707820869668900e+00 2.890371757896164517e+00 0.000000000000000000e+00 0.000000000000000000e+00
0.000000000000000000e+00 1.386294361119890572e+00 9.321523900936798057e+00 8.474285690404961713e+00 4.330733340286331057e+00 0.000000000000000000e+00 0.000000000000000000e+00
0.000000000000000000e+00 0.000000000000000000e+00 4.204692619390965724e+00 1.024619033890797759e+01 1.153171777814936583e+01 1.008747438864914336e+01 6.961296045910167152e+00
0.000000000000000000e+00 0.000000000000000000e+00 5.017279836814924288e+00 1.075679588522001495e+01 1.126834119542117030e+01 9.094817280720643993e+00 5.680172609017067664e+00
0.000000000000000000e+00 0.000000000000000000e+00 4.820281565605037066e+00 1.069237663787557580e+01 1.127616461769683376e+01 9.318566777047053051e+00 6.309918278226516186e+00
0.000000000000000000e+00 0.000000000000000000e+00 4.290459441148390951e+00 1.015665581695603237e+01 1.153264965781795759e+01 1.033139884947412312e+01 7.555381944240273207e+00
0.000000000000000000e+00 0.000000000000000000e+00 5.164785973923514462e+00 1.089821971071684636e+01 1.133251807498949049e+01 8.836083190992210845e+00 4.836281906951477971e+00
0.000000000000000000e+00 0.000000000000000000e+00 4.691347882229143451e+00 1.079914691380120928e+01 1.135652893176784595e+01 8.884748726451181966e+00 5.389071729816500955e+00
0.000000000000000000e+00 0.000000000000000000e+00 4.234106504597259679e+00 1.016415807574105834e+01 1.167059565832305346e+01 1.024725454617407649e+01 7.366445148327598780e+00
0.000000000000000000e+00 0.000000000000000000e+00 5.214935757608985867e+00 1.099262173217012695e+01 1.111285080227105304e+01 7.986164860332727322e+00 3.401197381662155461e+00
0.000000000000000000e+00 0.000000000000000000e+00 4.820281565605037066e+00 1.065055457508550418e+01 1.134378465916356582e+01 9.615738811195360114e+00 6.398594934535207557e+00
0.000000000000000000e+00 0.000000000000000000e+00 4.521788577049040470e+00 1.035523173816502052e+01 1.126436153630910830e+01 9.949129910414828970e+00 6.956545443151568975e+00
